"gene"	"cor.ntop20"	"cor.mean"	"cor.sd"	"cor.median"	"cor.mean.sd.ratio"	"auc.gene"	"auc.ci95.min"	"auc.ci95.max"
"AASS"	0	-0.130983302411874	0.0709950545312359	-0.126315789473684	-1.84496375524643	0.425	0.168805347393476	0.681194652606524
"ABCA13"	0	0.18008658008658	0.070216723936329	0.178947368421053	2.56472489730336	0.45	0.186678682702199	0.713321317297801
"ABCC3"	0	-0.183797155225727	0.0740600786476302	-0.180451127819549	-2.4817304893803	0.441666666666667	0.162828472538413	0.72050486079492
"ACACB"	0	-0.220408163265306	0.081665565435341	-0.203007518796993	-2.69891186193788	0.208333333333333	0.00114889346107713	0.41551777320559
"ACAD9"	0	0.141125541125541	0.0799075590953207	0.133834586466165	1.76611002417424	0.625	0.376515271927737	0.873484728072264
"ACCS"	3.8961038961039	0.31317254174397	0.0647625671718844	0.315789473684211	4.83570302135782	0.608333333333333	0.349626703146696	0.867039963519971
"ACPL2"	0	0.141991341991342	0.0801004184984692	0.138345864661654	1.77266666832778	0.533333333333333	0.27515845335684	0.791508213309827
"ACTA2"	3.46320346320346	0.241187384044527	0.0660462041704242	0.23609022556391	3.65179781448412	0.691666666666667	0.457128620512637	0.926204712820697
"ACTN1"	6.06060606060606	0.318985776128633	0.0640258054298859	0.315789473684211	4.98214390255429	0.658333333333333	0.413607451172263	0.903059215494404
"ADAM12"	88.7445887445888	0.477179962894249	0.052191561800878	0.473684210526316	9.14285655437545	0.758333333333333	0.54497211008538	0.971694556581287
"ADAM23"	0	-0.168212739641311	0.0759012629933478	-0.160902255639098	-2.21620475084919	0.208333333333333	0.0134813887920676	0.403185277874599
"ADAMTS10"	0	-0.249350649350649	0.0525255892238098	-0.246616541353383	-4.74722231650129	0.341666666666667	0.0955354381428702	0.587797895190463
"ADCY9"	0	-0.248237476808905	0.0847458001649634	-0.233082706766917	-2.92920093179478	0.35	0.108544148835559	0.591455851164441
"ADK"	0	0.158936301793445	0.0759628703864575	0.159398496240601	2.09228931167113	0.533333333333333	0.274262408059414	0.792404258607253
"ADRB2"	0	-0.244526901669759	0.0676497691162428	-0.246616541353383	-3.61460068325714	0.541666666666667	0.283752848985161	0.799580484348172
"AFAP1"	0	-0.157946815089672	0.0791117218823335	-0.162406015037594	-1.99650331621645	0.541666666666667	0.284485233216407	0.798848100116927
"AGA"	0	-0.184475439631333	0.0764789875613092	-0.176758192266913	-2.41210619431186	0.5625	0.304411241387903	0.820588758612098
"AHI1"	0	0.144836116264688	0.085035880292198	0.133834586466165	1.70323533744821	0.541666666666667	0.286737284709617	0.796596048623717
"AHNAK"	0	-0.345701917130489	0.0611135932875031	-0.35187969924812	-5.65671070107377	0.525	0.271873910972864	0.778126089027136
"AHSP"	0	0.0535559678416821	0.0880663902493035	0.0481203007518797	0.608131747992313	0.483333333333333	0.226267178541213	0.740399488125453
"AK5"	0	0.0701298701298701	0.0754362331206905	0.0661654135338346	0.929657635710274	0.4	0.127189497957003	0.672810502042997
"AKAP12"	0	0.130859616573902	0.0662800940666986	0.129323308270677	1.97434265018116	0.691666666666667	0.444704797532765	0.938628535800568
"AKR1C3"	0	0.0566481137909709	0.0702507804047439	0.0571428571428571	0.806369886065289	0.6	0.352308165880162	0.847691834119838
"AKR1E2"	0	-0.0507111935683364	0.07641613902979	-0.0706766917293233	-0.663618892712798	0.45	0.184518103129441	0.715481896870559
"ALAS2"	0	0.00643166357452072	0.0829555690917664	-0.00300751879699248	0.0775314260987823	0.475	0.218405979025395	0.731594020974605
"ALDH1A1"	0	0.0315398886827458	0.0818072180577705	0.0285714285714286	0.38553919118082	0.508333333333333	0.250858696199231	0.765807970467436
"ALDH2"	0	0.0547928262213977	0.0810674615952706	0.0406015037593985	0.675891722069095	0.691666666666667	0.453276938978111	0.930056394355222
"ALS2CR11"	0	0.0617192331478046	0.074797519515427	0.0706766917293233	0.825150801091406	0.541666666666667	0.287987621316414	0.795345712016919
"ANK3"	0	0.1139146567718	0.0746415539025825	0.117293233082707	1.52615601921249	0.358333333333333	0.106487930939326	0.610178735727341
"ANKRD55"	0	0.0962275819418677	0.0723193867366484	0.0947368421052632	1.33059178574455	0.416666666666667	0.154185815022183	0.679147518311151
"ANPEP"	9.52380952380952	0.299443413729128	0.0712419995116148	0.290225563909774	4.20318654420008	0.5	0.241220469769192	0.758779530230808
"ANXA3"	0	-0.0231292517006803	0.0740811954500798	-0.0300751879699248	-0.312214882064992	0.533333333333333	0.277612423581144	0.789054243085522
"AOAH"	0	0.0750773036487322	0.0793884995810529	0.0646616541353384	0.945694956384468	0.525	0.255938999437773	0.794061000562227
"AP3S2"	0	0.131972789115646	0.0744211901414025	0.144360902255639	1.77332274403156	0.65	0.403595225382175	0.896404774617825
"APBA2"	0	0.174644403215832	0.0842477365542714	0.180451127819549	2.07298629445466	0.533333333333333	0.268603597718878	0.798063068947789
"APBB2"	0	-0.26456400742115	0.0706055734759468	-0.261654135338346	-3.74706973396766	0.341666666666667	0.10093730268713	0.582396030646203
"APOBEC3A"	0.865800865800866	0.269140383426098	0.0623684603067331	0.263157894736842	4.31532832624765	0.716666666666667	0.483014954303415	0.950318379029919
"APOBEC3H"	0	-0.194063079777365	0.0721368082497633	-0.189473684210526	-2.69020884740908	0.475	0.214135888023871	0.735864111976129
"ARHGEF10"	9.09090909090909	0.333457019171305	0.0656652495325525	0.32781954887218	5.07813526248764	0.583333333333333	0.322107934995321	0.844558731671346
"ARHGEF5"	0	-0.140878169449598	0.0783130814658144	-0.154887218045113	-1.79890979658481	0.516666666666667	0.258888705864859	0.774444627468474
"ARID5B"	0	-0.131106988249845	0.0744850434338329	-0.132330827067669	-1.76017871784302	0.533333333333333	0.274096043665788	0.792570623000878
"ARSD"	0	0.108472479901051	0.079168565094572	0.117293233082707	1.37014583719528	0.641666666666667	0.396852714009839	0.886480619323494
"AS3MT"	0	-0.0604823747680891	0.0667781768879366	-0.0631578947368421	-0.905720664845151	0.333333333333333	0.0800050626369054	0.586661604029762
"ASGR2"	0	-0.388373531230674	0.0573725497777902	-0.392481203007519	-6.76932666815201	0.466666666666667	0.208241415000519	0.725091918332814
"ATHL1"	0	0.010760667903525	0.0676305428664252	-0.0075187969924812	0.159109589357845	0.558333333333333	0.300482209932465	0.816184456734202
"ATP10A"	2.16450216450216	0.289548546691404	0.0649790500793418	0.287218045112782	4.45602923308135	0.558333333333333	0.289532846965236	0.827133819701431
"ATP1B1"	0	-0.316635745207174	0.0718297325462579	-0.323308270676692	-4.40814317390452	0.616666666666667	0.362276930369476	0.871056402963858
"ATP2B4"	0	-0.259987631416203	0.0605779421506953	-0.270676691729323	-4.29178711236923	0.425	0.161914152133553	0.688085847866447
"ATP5O"	0	0.0816326530612245	0.0709592913757375	0.087218045112782	1.15041528006488	0.558333333333333	0.293797065251563	0.822869601415104
"ATP8B4"	0.865800865800866	0.234013605442177	0.0764206553660487	0.231578947368421	3.06217742207615	0.558333333333333	0.295001783010471	0.821664883656196
"ATP9A"	0	-0.08286951144094	0.0786840856136503	-0.0827067669172932	-1.05319278726629	0.45	0.194933243912669	0.705066756087331
"ATXN1"	0	-0.0993197278911565	0.0698407489575416	-0.111278195488722	-1.42208852816765	0.591666666666667	0.336399265988901	0.846934067344433
"AXIN2"	0	0.24465058750773	0.0702854925366785	0.249624060150376	3.48081202362009	0.391666666666667	0.141646799719719	0.641686533613614
"B4GALT6"	0	0.00940012368583797	0.0652964903911294	0.00451127819548872	0.143960626819769	0.558333333333333	0.302222837632293	0.814443829034374
"BACH2"	0	0.109461966604824	0.076495208470082	0.111278195488722	1.43096500805845	0.525	0.266960839454617	0.783039160545384
"BANK1"	0	-0.0289424860853432	0.0808132337273649	-0.0105263157894737	-0.358140427630763	0.725	0.495760831913723	0.954239168086277
"BCKDHA"	0.432900432900433	0.152752009894867	0.0864455121743384	0.13984962406015	1.76703227330998	0.725	0.498528122676349	0.951471877323651
"BCL2"	0	0.210884353741497	0.0765435116120447	0.204511278195489	2.75509118016885	0.55	0.273130499422376	0.826869500577624
"BCORL2"	0	-0.213358070500928	0.0781485666645192	-0.215037593984962	-2.73015974070061	0.408333333333333	0.156659181551492	0.660007485115175
"BLK"	0	-0.0677798392084106	0.075606403435955	-0.0766917293233083	-0.896482786220957	0.591666666666667	0.338540577639531	0.844792755693803
"BPI"	0	-0.0930117501546073	0.0800875645998457	-0.105263157894737	-1.16137568446908	0.541666666666667	0.271845605266665	0.811487728066669
"BTN3A2"	0	0.0399505256648114	0.0843204759008774	0.0451127819548872	0.473793882659949	0.533333333333333	0.278880049909218	0.787786616757449
"C11orf63"	0	-0.241682127396413	0.0785593109060301	-0.249624060150376	-3.07642881039912	0.5	0.23626967140055	0.76373032859945
"C13orf18"	0	-0.0322820037105751	0.0804414732694956	-0.00451127819548872	-0.401310448435271	0.508333333333333	0.23124007620508	0.785426590461587
"C15orf38"	0	0.151144094001237	0.0730640670116612	0.156390977443609	2.06865152985686	0.658333333333333	0.408615422857609	0.908051243809058
"C15orf51"	0	-0.0406926406926407	0.0721027117269323	-0.0451127819548872	-0.564370461498758	0.55	0.292870959532835	0.807129040467165
"C15orf57"	100	0.539022881880025	0.0416851003625006	0.536842105263158	12.9308284541141	0.833333333333333	0.632341211745425	1
"C17orf48"	0	-0.357204700061843	0.0601087923690811	-0.342857142857143	-5.94263644274415	0.441666666666667	0.172725872067503	0.71060746126583
"C17orf57"	0	-0.20717377860235	0.072614530538099	-0.201503759398496	-2.85306228749425	0.416666666666667	0.157533342228756	0.675799991104577
"C17orf97"	0.865800865800866	0.242053184910328	0.0658546987516344	0.23609022556391	3.67556437883364	0.666666666666667	0.427385632786253	0.905947700547081
"C1orf150"	0	-0.227581941867656	0.0694168265009166	-0.221052631578947	-3.27848381061688	0.55	0.290492595662483	0.809507404337517
"C1orf186"	0	0.118119975262832	0.0641515858793529	0.112781954887218	1.84126352675015	0.691666666666667	0.432606142714653	0.95072719061868
"C1orf21"	0	-0.346938775510204	0.0586974861615402	-0.345864661654135	-5.91062408627519	0.375	0.128059954033122	0.621940045966879
"C1orf38"	0	-0.116141001855288	0.0693382745159452	-0.109774436090226	-1.67499123198659	0.541666666666667	0.287775266478165	0.795558066855168
"C1orf57"	0	-0.120098948670377	0.0643897397325604	-0.124812030075188	-1.86518767072522	0.658333333333333	0.406295413085456	0.910371253581211
"C1orf85"	0	-0.168583797155226	0.0620349028303396	-0.172932330827068	-2.71756365309846	0.558333333333333	0.301193813415531	0.815472853251136
"C21orf81"	0	0.00667903525046382	0.0813493143383359	-0.0075187969924812	0.082103153601091	0.4	0.146905849158472	0.653094150841528
"C22orf32"	0	-0.369078540507112	0.0601929270731981	-0.374436090225564	-6.13159316971396	0.416666666666667	0.159181564147451	0.674151769185882
"C2orf63"	71.8614718614719	0.450587507730365	0.0612545898605766	0.457142857142857	7.35597950710241	0.658333333333333	0.415508692786502	0.901157973880165
"C2orf89"	0	0.0510822510822511	0.0704280008971757	0.0676691729323308	0.725311671941829	0.375	0.106540567489314	0.643459432510686
"C3AR1"	0	0.136672850958565	0.081218205544035	0.126315789473684	1.68278589810093	0.658333333333333	0.417201336796697	0.899465329869969
"C3orf14"	0	-0.169449598021027	0.0875771221380771	-0.157894736842105	-1.93486145564211	0.525	0.266168410879887	0.783831589120113
"C3orf57"	6.06060606060606	0.297835497835498	0.0737749640603129	0.300751879699248	4.03708089362144	0.633333333333333	0.359655010844419	0.907011655822248
"C3orf59"	11.2554112554113	0.322572665429808	0.0743521852647882	0.309774436090226	4.33844229703592	0.525	0.255258844150399	0.794741155849601
"C5orf35"	0	-0.321954236239951	0.0643791933048622	-0.333834586466165	-5.00090510167413	0.516666666666667	0.250050399741298	0.783282933592035
"C6orf105"	0	-0.179344465058751	0.0743516013828605	-0.18796992481203	-2.4121130106566	0.475	0.213455021939553	0.736544978060447
"C6orf191"	0	-0.0572665429808287	0.0653118467460324	-0.0586466165413534	-0.876817083484284	0.366666666666667	0.117240274701927	0.616093058631406
"C7orf58"	0	0.132962275819419	0.0793501311626459	0.138345864661654	1.67564027773165	0.558333333333333	0.301047145924328	0.815619520742338
"C9orf174"	0.432900432900433	0.118367346938776	0.0853780701910159	0.114285714285714	1.38639051777527	0.391666666666667	0.143920443790081	0.639412889543252
"C9orf95"	0	0.0904143475572047	0.0830845991987503	0.0691729323308271	1.08822030110443	0.525	0.26698172570343	0.78301827429657
"CA1"	0	0.0557823129251701	0.0856417571226556	0.0466165413533835	0.651344797203063	0.566666666666667	0.302895471819416	0.830437861513918
"CA6"	0	0.0286951144094001	0.0802811987432233	0.0105263157894737	0.357432560283267	0.616666666666667	0.358554417559969	0.874778915773365
"CACHD1"	0	0.0376004947433519	0.0765321491385956	0.0466165413533835	0.491303264922816	0.458333333333333	0.201256696527109	0.715409970139558
"CACNA2D2"	0	-0.298453927025356	0.0627629400492317	-0.303759398496241	-4.75525727111009	0.441666666666667	0.158722611493635	0.724610721839699
"CADM2"	0	-0.318367346938776	0.0849159696200188	-0.305263157894737	-3.74920463563453	0.3	0.0714082518434515	0.528591748156548
"CAMKK2"	1.2987012987013	0.249226963512678	0.0674916047187215	0.245112781954887	3.69271059047059	0.608333333333333	0.359480174516909	0.857186492149758
"CAPN2"	0	-0.234137291280148	0.0600496369241602	-0.230075187969925	-3.8990625634565	0.441666666666667	0.189521855570331	0.693811477763002
"CATSPERB"	0	-0.0474953617810761	0.0756338595498124	-0.0526315789473684	-0.627964275045301	0.541666666666667	0.278539852458042	0.804793480875291
"CCDC23"	0	-0.430179344465059	0.0547208620393726	-0.431578947368421	-7.86134078362175	0.55	0.286494549051969	0.813505450948031
"CCL5"	0	-0.190105132962276	0.0669407063806841	-0.178947368421053	-2.83990330011114	0.45	0.18500574823155	0.71499425176845
"CCNJL"	0	-0.238837353123067	0.0756261227320487	-0.243609022556391	-3.15813299022738	0.466666666666667	0.20693092316985	0.726402410163484
"CCR3"	0	0.027334570191713	0.078035627759595	0.00300751879699248	0.350283210073262	0.608333333333333	0.359957071252563	0.856709595414104
"CCR4"	0	-0.192578849721707	0.064782877161378	-0.189473684210526	-2.97268133432823	0.291666666666667	0.0576807461541703	0.525652587179163
"CCR7"	0	-0.00185528756957328	0.0800689259974815	0.00300751879699248	-0.0231711309532445	0.591666666666667	0.336188231395418	0.847145101937915
"CD101"	86.5800865800866	0.48447742733457	0.0641818122653177	0.481203007518797	7.54851585261905	0.616666666666667	0.357720584830375	0.875612748502958
"CD151"	0	-0.0244897959183673	0.0813989827519265	-0.00902255639097744	-0.30086120354849	0.366666666666667	0.111684439746889	0.621648893586444
"CD160"	0	0.0959802102659246	0.0715322503234021	0.0781954887218045	1.3417753507263	0.641666666666667	0.386483728693067	0.896849604640267
"CD19"	0	0.076808905380334	0.0781167781868685	0.087218045112782	0.98325746610535	0.6	0.34203394872384	0.85796605127616
"CD2"	0	-0.303153988868275	0.066467227358692	-0.299248120300752	-4.56095433667327	0.375	0.132530723610354	0.617469276389646
"CD22"	0	0.118614718614719	0.0759649042243653	0.124812030075188	1.56144103419634	0.65	0.379929386132346	0.920070613867654
"CD244"	0	0.0442795299938157	0.072408588036508	0.0481203007518797	0.611523179701975	0.533333333333333	0.277844350908183	0.788822315758483
"CD36"	0	-0.185281385281385	0.0813623444949955	-0.180451127819549	-2.27723754067561	0.508333333333333	0.245104131162466	0.7715625355042
"CD80"	0	-0.112677798392084	0.0742105075543925	-0.111278195488722	-1.51835369552616	0.625	0.374549398188197	0.875450601811803
"CD8A"	0	-0.390970933828077	0.0655861141828044	-0.393984962406015	-5.96118459981248	0.491666666666667	0.229155018856531	0.754178314476803
"CD8B"	0	-0.264440321583179	0.0664448463359875	-0.267669172932331	-3.97984698837288	0.666666666666667	0.427836511336241	0.905496821997092
"CD9"	1.2987012987013	0.135683364254793	0.0872397330649503	0.123308270676692	1.55529320743996	0.7	0.473682853184766	0.926317146815234
"CD99"	0	-0.465058750773037	0.0568685361367507	-0.467669172932331	-8.17778656469579	0.391666666666667	0.140464056036498	0.642869277296836
"CDC7"	0	-0.180333951762523	0.0763651938249296	-0.180451127819549	-2.36146787207725	0.516666666666667	0.252589176541249	0.780744156792084
"CDH23"	0	0.0832405689548547	0.0881153965933148	0.0766917293233083	0.94467677810089	0.525	0.255338773378274	0.794661226621726
"CDK14"	0	0.0855905998763142	0.0716860476831766	0.0932330827067669	1.19396455297117	0.7	0.471125516116144	0.928874483883856
"CEACAM8"	0	0.0771799628942486	0.0765575587537896	0.0676691729323308	1.00812988489433	0.5	0.238197580514488	0.761802419485512
"CENPK"	7.79220779220779	0.299814471243043	0.0711442343122652	0.293233082706767	4.21417805871804	0.716666666666667	0.482462040781631	0.950871292551702
"CES1"	0	-0.0232529375386518	0.0768934675392658	-0.0150375939849624	-0.302404590178973	0.641666666666667	0.396742670424178	0.886590662909155
"CES4"	0	-0.0910327767470625	0.0756083337157082	-0.0691729323308271	-1.20400453591996	0.483333333333333	0.22778107712612	0.738885589540547
"CFD"	3.03030303030303	0.271119356833643	0.072958645757227	0.266165413533835	3.71606893219762	0.55	0.296204137500747	0.803795862499253
"CFH"	0	-0.322201607915894	0.0673161319700575	-0.323308270676692	-4.7863951550159	0.475	0.209142820503686	0.740857179496314
"CHI3L1"	0	0.0106369820655535	0.0742777033053269	-0.00150375939849624	0.143205586497862	0.45	0.195610263702809	0.704389736297191
"CHI3L2"	0	-0.297093382807669	0.0806675838987309	-0.296240601503759	-3.68293394259379	0.433333333333333	0.165889596348047	0.700777070318619
"CHMP7"	0	0.134570191713049	0.0673269996930837	0.147368421052632	1.99875521449789	0.366666666666667	0.0937969073731334	0.6395364259602
"CHN1"	0	0.021273964131107	0.074213164069372	0.0195488721804511	0.28666024953768	0.433333333333333	0.172893079944238	0.693773586722429
"CHN2"	0	-0.0635745207173779	0.0755443836468956	-0.0691729323308271	-0.84155191489196	0.716666666666667	0.48755683620764	0.945776497125694
"CLC"	0	-0.0520717377860235	0.0724832907345484	-0.0691729323308271	-0.718396436728059	0.658333333333333	0.409220433826408	0.907446232840259
"CLEC17A"	0	0.282622139764997	0.0662405787502029	0.296240601503759	4.26660130538384	0.683333333333333	0.425200205581578	0.941466461085089
"CLEC4A"	0	0.215089672232529	0.0716133411688808	0.218045112781955	3.00348606449318	0.566666666666667	0.306412715592912	0.826920617740421
"CLEC4C"	0	0.114162028447743	0.0687064044690272	0.112781954887218	1.66159223918066	0.725	0.499338656205883	0.950661343794117
"CLEC4F"	6.92640692640693	0.245887445887446	0.0821950765899872	0.228571428571429	2.9915106365069	0.575	0.320917632202559	0.829082367797441
"CLECL1"	0	0.229931972789116	0.0764972570864096	0.234586466165414	3.00575447469168	0.591666666666667	0.342272686682048	0.841060646651286
"CLSTN3"	0	-0.0562770562770563	0.0657066343817901	-0.0586466165413534	-0.856489710765842	0.508333333333333	0.250210644693007	0.76645602197366
"CLU"	0	0.0173160173160173	0.0774169567895859	0.0270676691729323	0.223672151865658	0.566666666666667	0.303857508637892	0.829475824695441
"CMPK2"	1.73160173160173	0.25256648113791	0.0775766727622461	0.24812030075188	3.2557013873483	0.566666666666667	0.298800093469551	0.834533239863782
"CMTM5"	1.2987012987013	0.224366110080396	0.0769755107838134	0.219548872180451	2.91477260489418	0.508333333333333	0.249835102270404	0.766831564396262
"CMTM8"	0	0.0826221397649969	0.0825057599844501	0.0736842105263158	1.00141056552377	0.541666666666667	0.286800713128253	0.79653262020508
"COL19A1"	0.865800865800866	0.242300556586271	0.0734796517362126	0.251127819548872	3.2975191207508	0.508333333333333	0.245985973514137	0.77068069315253
"COLQ"	0	0.169325912183055	0.0654435765204691	0.160902255639098	2.58735725010528	0.75	0.523944946088923	0.976055053911077
"CPA3"	0	-0.245516388373531	0.0700093945692109	-0.239097744360902	-3.5069063214197	0.566666666666667	0.305317513691627	0.828015819641706
"CPSF1"	0	-0.0896722325293754	0.0839445973280921	-0.075187969924812	-1.0682311355774	0.458333333333333	0.199605872466668	0.717060794199999
"CRIM1"	0	-0.200989486703772	0.0743381845737075	-0.2	-2.70371798633969	0.525	0.24652927096557	0.80347072903443
"CRIP2"	0	-0.316635745207174	0.0655229619684754	-0.306766917293233	-4.83243943336253	0.466666666666667	0.201753776352934	0.731579556980399
"CRISP3"	0	-0.135312306740878	0.0867811498152013	-0.15187969924812	-1.55923615933902	0.425	0.168994739334713	0.681005260665287
"CRYZ"	0	0.0362399505256648	0.0741399805027734	0.0225563909774436	0.488804424817851	0.575	0.317420728149043	0.832579271850957
"CSF2RA"	14.2857142857143	0.32430426716141	0.0724139232665574	0.305263157894737	4.47847944887116	0.633333333333333	0.388046543531756	0.878620123134911
"CSGALNACT1"	0	-0.0747062461348176	0.0816503782237566	-0.075187969924812	-0.914952848474147	0.508333333333333	0.250148016355644	0.766518650311023
"CST7"	0	-0.307235621521336	0.0713132744686225	-0.302255639097744	-4.30825289976718	0.5	0.237293393642523	0.762706606357477
"CTSW"	0	-0.321954236239951	0.0787426920722056	-0.326315789473684	-4.08868718819931	0.433333333333333	0.166899050153891	0.699767616512775
"CXCR5"	0	-0.038961038961039	0.0768749032559861	-0.0225563909774436	-0.50681090070842	0.6	0.335148147179566	0.864851852820434
"CYBRD1"	0	-0.228818800247372	0.0731118229478292	-0.216541353383459	-3.12970995690603	0.433333333333333	0.179219151553698	0.687447515112968
"CYorf15A"	0	-0.248979591836735	0.0815811284941284	-0.26015037593985	-3.05192630247392	0.391666666666667	0.142143064022576	0.641190269310757
"CYorf15B"	0	-0.217316017316017	0.0793721474112167	-0.230075187969925	-2.73793798459466	0.425	0.168447988524854	0.681552011475146
"CYP27A1"	0	0.179344465058751	0.0650139707157123	0.178947368421053	2.75855270927803	0.55	0.294152673048154	0.805847326951846
"CYP2S1"	0.432900432900433	0.16573902288188	0.0783366328376625	0.145864661654135	2.11572819609623	0.625	0.373754485422357	0.876245514577643
"CYP4F22"	0	-0.124551638837353	0.0824128077791247	-0.135338345864662	-1.51131410509839	0.35	0.109774875705513	0.590225124294487
"CYP4F3"	0	0.0119975262832406	0.0839941934616108	0.00451127819548872	0.142837567560239	0.25	0.0299122972219036	0.470087702778096
"CYP4V2"	0	-0.154483611626469	0.0696106903416539	-0.147368421052632	-2.21925125103993	0.475	0.208879424993939	0.741120575006061
"DACT1"	15.5844155844156	0.346938775510204	0.0674330370414292	0.333834586466165	5.14493771498166	0.508333333333333	0.226018530805704	0.790648135860962
"DAPK1"	0	0.198639455782313	0.0760896508797544	0.192481203007519	2.61059754494374	0.541666666666667	0.288242682004637	0.795090651328697
"DCAF4"	0	-0.196413110698825	0.0705877950775138	-0.195488721804511	-2.78253642124875	0.425	0.171916496116003	0.678083503883997
"DCBLD1"	0	-0.00371057513914657	0.0828288502212668	-0.00300751879699248	-0.0447981002903485	0.475	0.20796967752531	0.74203032247469
"DCTN5"	0	-0.196660482374768	0.0801474957122782	-0.192481203007519	-2.45373209265028	0.408333333333333	0.151949428690211	0.664717237976456
"DDX3X"	0	0.0457637600494743	0.0677397989622483	0.0466165413533835	0.675581574651243	0.416666666666667	0.147395434791811	0.685937898541522
"DDX3Y"	0	-0.271366728509586	0.0832166729371068	-0.276691729323308	-3.26096584893124	0.391666666666667	0.13986406600689	0.643469267326443
"DDX43"	0	-0.330241187384045	0.0731034303003426	-0.324812030075188	-4.5174513155848	0.316666666666667	0.0780848577387717	0.555248475594562
"DGKK"	0	0.0703772418058132	0.0800074741945287	0.0796992481203007	0.879633340688887	0.383333333333333	0.124553803102526	0.642112863564141
"DIP2A"	0	0.105256648113791	0.0706222095775642	0.102255639097744	1.49041850635086	0.591666666666667	0.336040610841856	0.847292722491477
"DLG5"	0	-0.318614718614719	0.0676915880249118	-0.318796992481203	-4.70685838390233	0.416666666666667	0.160966832524169	0.672366500809165
"DPP4"	0	0.051948051948052	0.0728235809039816	0.0481203007518797	0.713341081325647	0.525	0.256520493504726	0.793479506495274
"DRAM2"	0	0.0782931354359926	0.070518210746046	0.081203007518797	1.11025414013901	0.483333333333333	0.221222317906165	0.745444348760502
"DSC1"	0	-0.035374149659864	0.0750417420193475	-0.0315789473684211	-0.471392970205085	0.55	0.279650160845879	0.820349839154121
"DSP"	0	-0.0456400742115028	0.0761090749685957	-0.0526315789473684	-0.599666652502805	0.55	0.296267849278454	0.803732150721546
"DTHD1"	0	0.173531230674088	0.0711705640701456	0.178947368421053	2.4382444194633	0.541666666666667	0.283335275947743	0.799998057385591
"DUSP16"	0	-0.25417439703154	0.0620610119614578	-0.255639097744361	-4.09555675936112	0.566666666666667	0.312446467033623	0.82088686629971
"EBF1"	0	-0.100927643784787	0.0665037742121782	-0.0992481203007519	-1.51762279630597	0.575	0.322470756476485	0.827529243523515
"EDAR"	0	0.0784168212739641	0.0729826968354499	0.0932330827067669	1.07445770948649	0.466666666666667	0.202629995382227	0.730703337951107
"EFCAB2"	0	-0.079282622139765	0.0729593387911725	-0.0827067669172932	-1.0866685944988	0.516666666666667	0.257741397922225	0.775591935411108
"EFHA2"	15.1515151515152	0.354359925788497	0.0564139081548025	0.350375939849624	6.28142841683857	0.683333333333333	0.443782179667327	0.92288448699934
"EFNA5"	0	-0.26295609152752	0.0698162757278409	-0.269172932330827	-3.76640101160051	0.475	0.215440682760257	0.734559317239743
"EIF1AX"	0	0.0142238713667285	0.0754806568229617	0.00300751879699248	0.188443926767759	0.458333333333333	0.201634318688074	0.715032347978593
"EIF1AY"	0	-0.218429189857761	0.0827168664959542	-0.230075187969925	-2.64068501517094	0.45	0.183383733074632	0.716616266925368
"EIF2S3"	0	0.0805194805194805	0.0762260649845945	0.0781954887218045	1.05632476943095	0.475	0.2176719229477	0.7323280770523
"EIF3F"	0	0.0681508967223253	0.0726291148986934	0.0616541353383459	0.938341281143044	0.725	0.504337606833842	0.945662393166158
"EIF4E3"	0.865800865800866	0.208658008658009	0.0755773132356932	0.193984962406015	2.7608550730997	0.808333333333333	0.608484023799892	1
"ELOVL4"	0	-0.130488559059988	0.079228614954298	-0.130827067669173	-1.64698775985493	0.466666666666667	0.210903610905168	0.722429722428166
"EMR1"	6.06060606060606	0.298577612863327	0.0727935896936343	0.306766917293233	4.10170200590393	0.591666666666667	0.331443778946311	0.851889554387022
"EMR2"	0.432900432900433	0.232282003710575	0.0687966446037544	0.233082706766917	3.37635658030187	0.675	0.4373801499624	0.9126198500376
"EMR4P"	2.5974025974026	0.246258503401361	0.0853548496058182	0.231578947368421	2.8851143729808	0.558333333333333	0.302854898062085	0.813811768604582
"ENOSF1"	0	0.225108225108225	0.0615242564644837	0.210526315789474	3.65885324007408	0.55	0.286842465219862	0.813157534780138
"ENPP1"	80.952380952381	0.474829931972789	0.0624902761840039	0.476691729323308	7.59846108816423	0.608333333333333	0.354293390376361	0.862373276290305
"ENPP3"	0	0.10760667903525	0.0717261885942295	0.100751879699248	1.50024253545668	0.65	0.405681856842827	0.894318143157173
"EOMES"	0	-0.279282622139765	0.0692570425711148	-0.276691729323308	-4.03255195098738	0.508333333333333	0.241969855188541	0.774696811478126
"EPB41L4A"	0	-0.0577612863327149	0.0694880276503185	-0.0601503759398496	-0.831240837966857	0.416666666666667	0.162510072438805	0.670823260894528
"EPHB1"	100	0.504514533085962	0.0541990244073585	0.491729323308271	9.3085537720023	0.825	0.643137855830957	1
"EPHX2"	0	0.121583178726036	0.073807729873832	0.124812030075188	1.64729600725929	0.35	0.0869448810769344	0.613055118923066
"ERAP2"	0	-0.263698206555349	0.0707592165981204	-0.270676691729323	-3.72669765485157	0.475	0.216397548382475	0.733602451617525
"ERBB2"	0	-0.150278293135436	0.0746068438807018	-0.13984962406015	-2.01426954041555	0.35	0.0965441187149919	0.603455881285008
"ERN1"	0	-0.246629560915275	0.0788565602800069	-0.245112781954887	-3.12757188545295	0.625	0.375995292854098	0.874004707145902
"ERV3"	0	-0.274829931972789	0.0683722082631921	-0.270676691729323	-4.01961467903535	0.333333333333333	0.0840582333320611	0.582608433334606
"F13A1"	0	-0.278416821273964	0.0775478622807911	-0.266165413533835	-3.59025784960843	0.6	0.332959586629795	0.867040413370205
"F2R"	0	-0.31713048855906	0.0640536652481338	-0.317293233082707	-4.95101236331359	0.441666666666667	0.18956460647113	0.693768726862204
"FAAH"	0	0.20878169449598	0.0827958196071257	0.219548872180451	2.52164536188747	0.366666666666667	0.124052960811394	0.60928037252194
"FADS2"	0	-0.0763141620284478	0.0801210986954188	-0.0887218045112782	-0.952485216391713	0.566666666666667	0.306247106953134	0.827086226380199
"FAM113B"	0	0.0923933209647495	0.0756658862157783	0.0962406015037594	1.22106969977553	0.491666666666667	0.22122713775383	0.762106195579503
"FAM117B"	0	0.0462585034013605	0.0683514983853443	0.0466165413533835	0.67677380151302	0.375	0.127166779939493	0.622833220060507
"FAM118A"	0	0.076808905380334	0.0848626617803442	0.0842105263157895	0.905096585105281	0.333333333333333	0.0949096977109334	0.571756968955733
"FAM125B"	0	-0.391960420531849	0.0636051269732117	-0.389473684210526	-6.16240292542658	0.45	0.17630198629816	0.72369801370184
"FAM129C"	0	0.134570191713049	0.0722453752733724	0.13984962406015	1.86268243751026	0.583333333333333	0.310799535485902	0.855867131180765
"FAM134B"	0	0.125417439703154	0.0742964840355773	0.130827067669173	1.68806695674989	0.466666666666667	0.200374012383002	0.732959320950332
"FAM13A"	11.2554112554113	0.336672850958565	0.0746441973578059	0.338345864661654	4.51036869409592	0.483333333333333	0.20873105022611	0.757935616440556
"FAM154B"	24.6753246753247	0.383673469387755	0.0584982562560177	0.377443609022556	6.55871634375917	0.516666666666667	0.227086347907073	0.80624698542626
"FAM164A"	0	-0.00952380952380953	0.0780174585463777	-0.0180451127819549	-0.122072798848582	0.733333333333333	0.501650468512799	0.965016198153867
"FAM19A2"	0	-0.1139146567718	0.063436622082193	-0.117293233082707	-1.7957238742032	0.566666666666667	0.296895543462091	0.836437789871242
"FAM3B"	0	0.0257266542980829	0.0693448617621907	0.0255639097744361	0.370995826429204	0.35	0.101786525778074	0.598213474221926
"FAM70A"	0	-0.216573902288188	0.0722862695362016	-0.215037593984962	-2.99605863849048	0.6	0.349603199525376	0.850396800474624
"FAT4"	0	-0.00247371675943104	0.0804142978621943	-0.0105263157894737	-0.0307621508263399	0.55	0.296161671866299	0.803838328133701
"FBN2"	0	-0.00964749536178108	0.0676717956628134	-0.0165413533834586	-0.142563017092843	0.433333333333333	0.172479551177312	0.694187115489355
"FCER1A"	0	0.0399505256648114	0.0774069877235784	0.0285714285714286	0.516110067575235	0.691666666666667	0.439052073164027	0.944281260169306
"FCER2"	0	0.114533085961657	0.0776961037732119	0.118796992481203	1.47411620917272	0.666666666666667	0.429898849528425	0.903434483804908
"FCGBP"	0	0.127149041434756	0.0776621407614294	0.129323308270677	1.6372075272216	0.566666666666667	0.31259490441521	0.820738428918124
"FCGR2B"	0	-0.0263450834879406	0.0699395852983882	-0.00902255639097744	-0.37668343864984	0.841666666666667	0.655007849206831	1
"FCN1"	0	0.162399505256648	0.0690079328699844	0.150375939849624	2.35334545613212	0.616666666666667	0.369497573546229	0.863835759787104
"FCRL1"	0.432900432900433	0.271366728509586	0.0714266347052424	0.282706766917293	3.79923721213297	0.608333333333333	0.354335822302991	0.862330844363676
"FCRL2"	8.22510822510823	0.324056895485467	0.0726940259289876	0.32781954887218	4.45782017633784	0.608333333333333	0.347159516734334	0.869507149932332
"FCRL3"	0	-0.0173160173160173	0.0762704488490559	-0.0120300751879699	-0.227034422601692	0.575	0.316376709311437	0.833623290688563
"FCRL5"	1.73160173160173	0.242176870748299	0.0731637607148892	0.233082706766917	3.31006591763421	0.541666666666667	0.275323421989042	0.808009911344292
"FCRL6"	0	-0.239332096474954	0.0688811154635893	-0.237593984962406	-3.47456766436172	0.45	0.19537733510702	0.704622664892981
"FCRLA"	0	-0.178231292517007	0.0825168027959249	-0.166917293233083	-2.15993938783349	0.625	0.378606161395078	0.871393838604922
"FDFT1"	0	-0.420160791589363	0.0651717225264221	-0.42406015037594	-6.44697999840376	0.625	0.371448452921505	0.878551547078495
"FGFR1"	0	0.0500927643784787	0.0770331010070423	0.0481203007518797	0.650275838874762	0.383333333333333	0.130132737539948	0.636533929126719
"FHIT"	0.432900432900433	0.246134817563389	0.0605329687873714	0.245112781954887	4.06612830155356	0.4	0.141012296997831	0.658987703002169
"FHL1"	0	-0.120964749536178	0.0733626732388779	-0.120300751879699	-1.64885962023633	0.491666666666667	0.22512115643386	0.758212176899474
"FHL3"	0	-0.287074829931973	0.0684940394179088	-0.287218045112782	-4.19123813359024	0.333333333333333	0.0712017577605924	0.595464908906074
"FIS1"	0	-0.25899814471243	0.0674094304254238	-0.258646616541353	-3.84216485850544	0.491666666666667	0.236399265988901	0.746934067344433
"FLNB"	0	0.0636982065553494	0.0776658185307992	0.0706766917293233	0.820157538545599	0.55	0.295313846098455	0.804686153901546
"FMN1"	0	0.0174397031539889	0.0834652467838674	0.0390977443609023	0.208945684892646	0.375	0.121129827302041	0.628870172697959
"FOLR3"	0	0.17687074829932	0.0741208666933084	0.17593984962406	2.38624770850511	0.45	0.194194805173092	0.705805194826908
"FRG1B"	0	-0.141125541125541	0.0729932509101958	-0.148872180451128	-1.93340534043578	0.558333333333333	0.296294291119564	0.820372375547103
"FRMPD3"	0	-0.317501546072975	0.0600001038144946	-0.312781954887218	-5.29168327865916	0.283333333333333	0.0523260320724228	0.514340634594244
"FRRS1"	0	0.0988249845392703	0.0818406736718525	0.0827067669172932	1.20752897190849	0.633333333333333	0.390386656408905	0.876280010257761
"FUT10"	0	-0.338033395176252	0.0675505135205324	-0.336842105263158	-5.00415729739056	0.425	0.166293369813362	0.683706630186638
"FZD6"	0	-0.229189857761286	0.0870198699242001	-0.225563909774436	-2.63376465583005	0.225	0.0088282996497426	0.441171700350257
"GAB3"	0	-0.217687074829932	0.0621126402087962	-0.21203007518797	-3.5047145653149	0.433333333333333	0.176854855039361	0.689811811627306
"GATA2"	0	0.0915275200989487	0.0757859736414562	0.0947368421052632	1.20771055250891	0.766666666666667	0.546922047032118	0.986411286301215
"GATA3"	0	-0.339641311069883	0.073638000273904	-0.350375939849624	-4.61231035343915	0.466666666666667	0.20157074819516	0.731762585138173
"GATM"	0	-0.236239950525665	0.071922055056986	-0.245112781954887	-3.28466630074022	0.333333333333333	0.0851198591114073	0.581546807555259
"GDPD5"	0	-0.010760667903525	0.0656500471570533	-0.00902255639097744	-0.163909522833739	0.458333333333333	0.205058252691599	0.711608413975068
"GFI1"	0	-0.267037724180581	0.0739872924521048	-0.273684210526316	-3.60923768569375	0.425	0.169711488012544	0.680288511987456
"GGTA1"	0	-0.122201607915894	0.0798178872216207	-0.111278195488722	-1.53100529429689	0.408333333333333	0.159133913757981	0.657532752908686
"GLB1L"	0	-0.0247371675943105	0.0820186643577975	-0.0330827067669173	-0.301604126182758	0.508333333333333	0.253446235234919	0.763220431431748
"GLB1L2"	0	-0.0503401360544218	0.0738611680520742	-0.0496240601503759	-0.681550771292035	0.408333333333333	0.15289709103269	0.663769575633977
"GLIS3"	0	-0.0871985157699443	0.0729049237597659	-0.102255639097744	-1.19605797898203	0.383333333333333	0.132699893362173	0.633966773304493
"GLT25D2"	0	0.0617192331478046	0.0780230179271791	0.0616541353383459	0.791038783008993	0.708333333333333	0.476638838138814	0.940027828527852
"GLYATL2"	0	0.148917748917749	0.0610076848578872	0.15187969924812	2.44096705627564	0.725	0.505439395431613	0.944560604568387
"GNAO1"	0	-0.265182436611008	0.0776216968269395	-0.266165413533835	-3.41634423687287	0.458333333333333	0.20226492645685	0.714401740209816
"GNG7"	0	-0.176004947433519	0.0778304886303267	-0.153383458646617	-2.26138818515574	0.525	0.262262623938197	0.787737376061803
"GNLY"	0	-0.143104514533086	0.0727015994102693	-0.156390977443609	-1.96838192961229	0.433333333333333	0.16874613902757	0.697920527639097
"GOLGA6L1"	0	-0.0867037724180581	0.082239578146962	-0.0887218045112782	-1.0542827963334	0.408333333333333	0.145083658348734	0.671583008317933
"GOLM1"	0	-0.266048237476809	0.0836181822754965	-0.26015037593985	-3.1817031922586	0.383333333333333	0.133690969043115	0.632975697623552
"GPM6A"	0	-0.0691403834260977	0.0864679501087838	-0.075187969924812	-0.799607060640542	0.533333333333333	0.275743600348375	0.790923066318292
"GPNMB"	0	-0.0855905998763142	0.0888969098440397	-0.105263157894737	-0.962807368967874	0.541666666666667	0.262944461808876	0.820388871524457
"GPR128"	0	-0.25813234384663	0.0724822055984547	-0.263157894736842	-3.56132021253135	0.308333333333333	0.0737033925548922	0.542963274111775
"GPR137B"	0	-0.151020408163265	0.0684890631476896	-0.157894736842105	-2.20502955103365	0.4	0.14203394872384	0.65796605127616
"GPR141"	0	0.035374149659864	0.0739288903101967	0.0390977443609023	0.478488849371853	0.566666666666667	0.312955756759751	0.820377576573582
"GPR15"	0	0.0758194186765615	0.0753880481689641	0.0721804511278195	1.00572200127307	0.683333333333333	0.438442344974408	0.928224321692258
"GPR180"	0	-0.153370439084725	0.0704273862945939	-0.162406015037594	-2.17771022259984	0.6	0.329470811063695	0.870529188936305
"GPR34"	0	0.0445269016697588	0.0852617877148578	0.0315789473684211	0.522237486019772	0.683333333333333	0.451487696369095	0.915178970297572
"GPR56"	0	-0.295114409400124	0.0657774471596227	-0.297744360902256	-4.48655918013916	0.45	0.185718510238038	0.714281489761962
"GRAMD1C"	0	-0.131106988249845	0.0739180759848751	-0.123308270676692	-1.77367966499388	0.325	0.0719590884259454	0.578040911574055
"GRAPL"	1.2987012987013	0.245021645021645	0.0699065066194771	0.237593984962406	3.50499054909687	0.591666666666667	0.334904676427056	0.848428656906277
"GRHPR"	0	-0.210760667903525	0.0696917867306411	-0.198496240601504	-3.02418230024889	0.466666666666667	0.205544441996069	0.727788891337264
"GRIK4"	0	-0.199752628324057	0.0713094272352504	-0.210526315789474	-2.80120926599328	0.541666666666667	0.284296706789049	0.799036626544285
"GSDMA"	0	0.0961038961038961	0.0732604912759674	0.0887218045112782	1.31181069673529	0.475	0.211096033551868	0.738903966448132
"GSN"	0	0.0813852813852814	0.0666335047152041	0.087218045112782	1.22138677431312	0.633333333333333	0.386011659956569	0.880655006710098
"GSTM1"	0.432900432900433	0.241187384044527	0.0773519857820968	0.239097744360902	3.11805032031059	0.541666666666667	0.28815763326169	0.795175700071644
"GSTM2"	2.5974025974026	0.278293135435993	0.0703741813884987	0.276691729323308	3.95447776365146	0.466666666666667	0.207949620930366	0.725383712402967
"GSTM3"	0	0.2860853432282	0.0687940313487279	0.297744360902256	4.1585779699112	0.541666666666667	0.284108318358399	0.799225014974934
"GSTM4"	0	0.265924551638837	0.0726272724551549	0.281203007518797	3.66149715732527	0.658333333333333	0.419920999819713	0.896745666846954
"GSTM5"	1.2987012987013	0.225602968460111	0.0835643872847644	0.216541353383459	2.69975016619602	0.708333333333333	0.477711287726075	0.938955378940591
"GSTO1"	0	0.187136672850959	0.0775999572975119	0.178947368421053	2.41155638956722	0.683333333333333	0.449912388149707	0.91675427851696
"GSTT1"	0	-0.0667903525046382	0.0647109069812588	-0.0706766917293233	-1.03213439001839	0.591666666666667	0.336991093167423	0.84634224016591
"GYPE"	0	0.111688311688312	0.067135582356176	0.111278195488722	1.66362319009567	0.433333333333333	0.161750375882381	0.704916290784285
"GZMH"	0	-0.315275200989487	0.0701250604842696	-0.315789473684211	-4.49589916660691	0.441666666666667	0.18408739481571	0.699245938517623
"GZMK"	0	-0.214471243042672	0.0709725283623286	-0.216541353383459	-3.02189097657271	0.5	0.243689676766421	0.756310323233579
"H1F0"	0	-0.481880024737168	0.0591795782475983	-0.481203007518797	-8.14267419617381	0.475	0.214735695299003	0.735264304700997
"HAPLN3"	0	0.0199134199134199	0.07848228795637	0.0165413533834586	0.25373138872417	0.533333333333333	0.274908081667186	0.791758584999481
"HBD"	0.432900432900433	0.108967223252938	0.082654888019281	0.0857142857142857	1.31833973603011	0.533333333333333	0.273950562351762	0.792716104314905
"HDC"	0	-0.0111317254174397	0.073946438703707	-0.0105263157894737	-0.150537681226853	0.633333333333333	0.383410484037333	0.883256182629334
"HDHD1"	6.92640692640693	0.300927643784787	0.0773083076310296	0.312781954887218	3.89256540475609	0.725	0.504313185120174	0.945686814879826
"HEATR6"	0	-0.0190476190476191	0.0708680773017793	-0.0135338345864662	-0.268775727701883	0.641666666666667	0.397779040395801	0.885554292937532
"HEBP2"	0	-0.418923933209648	0.0670274393784795	-0.42406015037594	-6.25003635964872	0.525	0.260015917047217	0.789984082952783
"HLA-B"	0	-0.237971552257267	0.0698313841695023	-0.230075187969925	-3.4078023096268	0.483333333333333	0.221592676696828	0.745073989969839
"HLA-C"	0	-0.287198515769944	0.07426203053754	-0.290225563909774	-3.86736685882516	0.533333333333333	0.273639091114004	0.793027575552663
"HLA-DOB"	0	-0.0500927643784787	0.0828365683829668	-0.0481203007518797	-0.60471800505897	0.658333333333333	0.40010627256928	0.916560394097387
"HLA-DPA1"	0	-0.118367346938776	0.0879591750336579	-0.135338345864662	-1.34570778879499	0.525	0.26598108551243	0.78401891448757
"HLA-DPB1"	0.432900432900433	0.0909090909090909	0.0854021416558243	0.0631578947368421	1.06448256620378	0.75	0.52711409898211	0.97288590101789
"HLA-DQA2"	0	-0.216079158936302	0.0723145736495912	-0.215037593984962	-2.98804442909861	0.241666666666667	0.0136768961206663	0.469656437212667
"HLA-DQB1"	0	-0.0672850958565244	0.0823935303318398	-0.0676691729323308	-0.816630815375113	0.616666666666667	0.356247106953134	0.877086226380199
"HLA-DQB2"	0	-0.351267779839208	0.0750975428057714	-0.338345864661654	-4.67748699511661	0.391666666666667	0.142791852438913	0.64054148089442
"HLA-DRB5"	0	0.161533704390847	0.0682935322840436	0.168421052631579	2.36528554005675	0.341666666666667	0.0869699328023416	0.596363400530992
"HLA-L"	0	0.148794063079777	0.0721160888145433	0.153383458646617	2.06325752721313	0.591666666666667	0.342597038464481	0.840736294868852
"HOXB2"	0	-0.134075448361163	0.0722046293814434	-0.142857142857143	-1.85688160869669	0.608333333333333	0.347427906166579	0.869238760500088
"HPGD"	0	-0.228571428571429	0.0666530811422704	-0.230075187969925	-3.42927025509211	0.65	0.392473040193258	0.907526959806742
"HPGDS"	0	-0.306369820655535	0.0792022158427543	-0.315789473684211	-3.86819759265059	0.525	0.265108685736247	0.784891314263754
"HRH4"	0	-0.00853432282003711	0.0705255037066737	-0.00451127819548872	-0.121010448298713	0.625	0.378671787668344	0.871328212331656
"IFI30"	0	0.0285714285714286	0.0778303896506599	0.0406015037593985	0.367098619185524	0.475	0.2176719229477	0.7323280770523
"IFI44"	0.865800865800866	0.23030303030303	0.0754629621089134	0.219548872180451	3.05186841156117	0.525	0.26450801961415	0.78549198038585
"IFI44L"	1.2987012987013	0.246753246753247	0.074524110202756	0.242105263157895	3.31105257187118	0.558333333333333	0.297469221357205	0.819197445309462
"IFNG"	0	-0.0594928880643166	0.0661617610084928	-0.0631578947368421	-0.899203515104139	0.541666666666667	0.27831465148655	0.805018681846784
"IGF1R"	0	0.193939393939394	0.066842856357508	0.192481203007519	2.90142289704246	0.375	0.125843836703324	0.624156163296676
"IGFBP7"	0	-0.0260977118119975	0.0786082407354999	-0.0345864661654135	-0.331997148998803	0.533333333333333	0.271778052750752	0.794888613915915
"IGHMBP2"	0	0.0895485466914038	0.0826145390550216	0.081203007518797	1.0839320501657	0.483333333333333	0.224428879353888	0.742237787312779
"IL12RB2"	0	0.170562770562771	0.0805620719197742	0.153383458646617	2.11715968194837	0.65	0.40856646969081	0.89143353030919
"IL1RL1"	1.2987012987013	0.18008658008658	0.0766041474564906	0.153383458646617	2.35087245359483	0.625	0.353883774122372	0.896116225877628
"IL23R"	15.5844155844156	0.353617810760668	0.0690238447384136	0.347368421052632	5.12312537936431	0.658333333333333	0.413145433992389	0.903521232674278
"IL2RA"	0	-0.171799628942486	0.0690376988039277	-0.184962406015038	-2.48849008467692	0.425	0.170239795585901	0.679760204414099
"IL32"	0	-0.265677179962894	0.0750276584099948	-0.27218045112782	-3.54105653292656	0.483333333333333	0.22241757839113	0.744249088275536
"IL3RA"	0.865800865800866	0.172789115646259	0.0815792805847886	0.15187969924812	2.11805147590964	0.675	0.430692886260396	0.919307113739604
"IL4R"	2.5974025974026	0.298330241187384	0.0679852366018829	0.300751879699248	4.38816213782393	0.6	0.342013058247126	0.857986941752874
"IL5RA"	0	0.0742115027829314	0.0714140552275348	0.0857142857142857	1.03917222662239	0.658333333333333	0.416064178348547	0.900602488318119
"ISM1"	0	-0.203586889301175	0.0714329215279834	-0.195488721804511	-2.85004287863854	0.533333333333333	0.272438234350862	0.794228432315805
"ITGA2B"	0	0.0523191094619666	0.0805336075278971	0.0586466165413534	0.649655604262396	0.533333333333333	0.277675655622437	0.78899101104423
"ITGA6"	0	0.0466295609152752	0.067067316077626	0.0481203007518797	0.695265050733573	0.391666666666667	0.12737498105625	0.655958352277084
"ITGB3"	0	0.0871985157699443	0.0814571689284251	0.0736842105263158	1.07048301478	0.591666666666667	0.332730991167182	0.850602342166151
"ITM2A"	0	-0.00606060606060606	0.073241814481111	-0.0075187969924812	-0.0827478961784745	0.666666666666667	0.421138312306092	0.912195021027241
"ITPR1"	38.0952380952381	0.389115646258503	0.0686690793682859	0.393984962406015	5.66653361073328	0.558333333333333	0.302243881179899	0.814422785486768
"JAKMIP1"	0	-0.326159554730983	0.0724785108465956	-0.32781954887218	-4.5000863141534	0.383333333333333	0.134361093063787	0.63230557360288
"JAKMIP2"	0	-0.0680272108843538	0.0774965560560986	-0.0842105263157895	-0.877809471108753	0.625	0.372684257735082	0.877315742264918
"JAM3"	0	-0.123438466295609	0.0779884015944063	-0.117293233082707	-1.58277979509793	0.55	0.289022286987915	0.810977713012086
"JUP"	0	-0.174025974025974	0.0760402702293977	-0.186466165413534	-2.28860278245953	0.575	0.304779765275158	0.845220234724842
"KANK1"	0	0.0383426097711812	0.0698242253481355	0.0466165413533835	0.549130471265659	0.491666666666667	0.232835077546554	0.75049825578678
"KCNK17"	0	0.228818800247372	0.0678687803859437	0.234586466165414	3.37148831828371	0.366666666666667	0.123609100751607	0.609724232581726
"KCNN4"	0	-0.0188002473716759	0.0739227812139842	-0.0210526315789474	-0.254322782002139	0.458333333333333	0.199793409007059	0.716873257659608
"KDM5C"	0	0.201978973407545	0.0772707873235143	0.198496240601504	2.6139111610434	0.525	0.267253400955204	0.782746599044796
"KDM5D"	0	-0.200494743351886	0.082030040470255	-0.206015037593985	-2.4441624336951	0.391666666666667	0.138860141065803	0.64447319226753
"KDM6A"	0	-0.00272108843537415	0.0722709481623591	-0.0120300751879699	-0.0376512070833931	0.466666666666667	0.202548364008724	0.730784969324609
"KHDRBS2"	0	0.0340136054421769	0.0749233969587775	0.0406015037593985	0.453978420931595	0.583333333333333	0.331605653220329	0.835061013446338
"KIAA0664L3"	0	0.0521954236239951	0.0781842705194848	0.043609022556391	0.667594943038921	0.558333333333333	0.29891939839911	0.817747268267557
"KIAA1324"	0	-0.108596165739023	0.0797734256379379	-0.100751879699248	-1.36130753907825	0.45	0.197609511750842	0.702390488249158
"KIAA1324L"	0	-0.0406926406926407	0.0749841730699551	-0.0315789473684211	-0.542683062660133	0.383333333333333	0.133087238138973	0.633579428527694
"KIAA1598"	0	-0.0581323438466296	0.0810128160671233	-0.0571428571428571	-0.717569721295257	0.608333333333333	0.357968819210527	0.85869784745614
"KIAA1671"	0	0.08286951144094	0.0783351968419707	0.0511278195488722	1.05788349020322	0.6	0.349969355637829	0.850030644362171
"KIF16B"	0	0.0749536178107607	0.0844785342917167	0.0736842105263158	0.887250452901265	0.641666666666667	0.38505164352129	0.898281689812043
"KIF5C"	0	0.0848484848484849	0.0844269637334594	0.087218045112782	1.00499273095212	0.475	0.21446664541116	0.73553335458884
"KIR3DL2"	0	-0.176623376623377	0.0748712041131968	-0.18796992481203	-2.35902946553847	0.4	0.128655273259327	0.671344726740673
"KLF8"	0	0.00111317254174397	0.0697790587843465	-0.00300751879699248	0.0159528168068912	0.383333333333333	0.13201275447172	0.634653912194947
"KLKB1"	4.32900432900433	0.311688311688312	0.074340422021765	0.314285714285714	4.19271646853252	0.575	0.317713812590995	0.832286187409005
"KLRC1"	0	-0.215337043908472	0.0724410165478163	-0.213533834586466	-2.97258451317196	0.433333333333333	0.175639012365266	0.691027654301401
"KLRC2"	0	-0.256895485466914	0.0644552800342791	-0.257142857142857	-3.98563911801004	0.45	0.194933243912669	0.705066756087331
"KLRC3"	0	-0.350278293135436	0.0636940787163136	-0.354887218045113	-5.4993855032512	0.441666666666667	0.186040610841856	0.697292722491477
"KLRC4"	0	-0.12430426716141	0.0662595293616777	-0.124812030075188	-1.87602097930541	0.508333333333333	0.244817656510647	0.77184901015602
"KLRG1"	0	-0.0453927025355597	0.0685784678107661	-0.0451127819548872	-0.661908963332563	0.525	0.265814687734415	0.784185312265586
"KLRK1"	0	-0.0108843537414966	0.069093285639219	-0.00902255639097744	-0.157531280222088	0.55	0.27980968281826	0.82019031718174
"KRT72"	0	0.0940012368583797	0.0763790408354569	0.0947368421052632	1.23072031057429	0.366666666666667	0.122790089283671	0.610543244049662
"KRT73"	0	0.0356215213358071	0.0781842699751106	0.037593984962406	0.455609822118271	0.416666666666667	0.162828338532966	0.670504994800367
"LAPTM4B"	1.73160173160173	0.274458874458874	0.0722433321618551	0.270676691729323	3.79908935877947	0.491666666666667	0.231547350249009	0.751785983084325
"LASS3"	2.5974025974026	0.221150278293135	0.0740984165581094	0.213533834586466	2.9845479642565	0.533333333333333	0.255861075308002	0.810805591358665
"LCLAT1"	0	0.0916512059369202	0.0676426795417475	0.0676691729323308	1.35493162834206	0.408333333333333	0.154166137099242	0.662500529567424
"LCN2"	0	0.0311688311688312	0.0726300302428949	0.0225563909774436	0.429145231863377	0.466666666666667	0.209411900966433	0.723921432366901
"LDOC1"	0	-0.214471243042672	0.0799420354596539	-0.213533834586466	-2.68283440382142	0.333333333333333	0.0841879852797787	0.582478681386888
"LEF1"	0	0.0773036487322202	0.0695344072969481	0.0857142857142857	1.11173233133481	0.391666666666667	0.12320723415598	0.660126099177353
"LGALS2"	0	-0.332591218305504	0.0762550673254317	-0.329323308270677	-4.36156218820335	0.625	0.381200778852572	0.868799221147428
"LGALS3BP"	28.1385281385281	0.385281385281385	0.0758103437786334	0.369924812030075	5.082174358771	0.616666666666667	0.370875058097849	0.862458275235484
"LGALS8"	0	-0.0116264687693259	0.0814074502728832	-0.00601503759398496	-0.142818239981147	0.4	0.131671084994462	0.668328915005538
"LGR6"	0	-0.12108843537415	0.065094880472551	-0.132330827067669	-1.86018369640006	0.391666666666667	0.13815763326169	0.645175700071644
"LILRA3"	3.8961038961039	0.260358688930118	0.0744933964079057	0.251127819548872	3.4950573001728	0.675	0.425217353836739	0.924782646163261
"LINGO2"	0	-0.125417439703154	0.0872688446734164	-0.129323308270677	-1.43713876552967	0.45	0.189539054579458	0.710460945420542
"LIPA"	0	-0.0239950525664811	0.0802339209538863	-0.0300751879699248	-0.299063691281797	0.616666666666667	0.372017872196793	0.86131546113654
"LIPC"	0	-0.123933209647495	0.061892085326529	-0.130827067669173	-2.0024080460959	0.416666666666667	0.163870800137194	0.669462533196139
"LONP2"	100	0.567223252937539	0.0530473872525205	0.559398496240601	10.6927651353948	0.575	0.308676990326748	0.841323009673252
"LOXHD1"	32.4675324675325	0.402226345083488	0.0701450841201558	0.384962406015038	5.73420575552365	0.791666666666667	0.590393202861167	0.992940130472167
"LPAR1"	0	0.13865182436611	0.0761330235879475	0.147368421052632	1.82117848250099	0.516666666666667	0.251042708609616	0.782290624723717
"LPAR3"	0.865800865800866	0.21756338899196	0.0767232783451238	0.219548872180451	2.83568942418358	0.541666666666667	0.281837569532065	0.801495763801269
"LPIN1"	0	0.0604823747680891	0.0752984960932039	0.0406015037593985	0.803234830788976	0.483333333333333	0.223722113572078	0.742944553094589
"LPL"	1.2987012987013	0.172170686456401	0.0855310085114294	0.144360902255639	2.01296219292672	0.608333333333333	0.343715587997585	0.872951078669082
"LRP6"	52.8138528138528	0.406802721088435	0.0602814540283359	0.410526315789474	6.7483893287845	0.45	0.185290622730298	0.714709377269702
"LRRC16A"	86.1471861471862	0.484230055658627	0.0691873544837806	0.484210526315789	6.99882311256957	0.516666666666667	0.250616980183851	0.782716353149483
"LRRC6"	6.49350649350649	0.241682127396413	0.0813135173567774	0.227067669172932	2.9722257166172	0.85	0.666971066797574	1
"LRRC7"	7.79220779220779	0.304267161410019	0.0761033304736637	0.300751879699248	3.9980794469345	0.583333333333333	0.320831950510309	0.845834716156357
"LRRN1"	0.432900432900433	0.153246753246753	0.0782023465515129	0.136842105263158	1.95961834912214	0.766666666666667	0.561140616925874	0.972192716407459
"LRRN3"	0	0.0940012368583797	0.0753383082115324	0.109774436090226	1.24772163179516	0.475	0.209995579806084	0.740004420193916
"LSS"	0	0.043661100803958	0.0851914638298857	0.0421052631578947	0.512505582614973	0.458333333333333	0.201068093303757	0.71559857336291
"LTBP1"	4.76190476190476	0.239950525664811	0.0799156185092337	0.233082706766917	3.00254856486016	0.691666666666667	0.450557020966297	0.932776312367037
"LTF"	0	-0.0174397031539889	0.0771784616323188	-0.0285714285714286	-0.225965933825842	0.441666666666667	0.186146045391948	0.697187287941385
"LY6E"	0	-0.00556586270871985	0.0703252926565087	-0.00451127819548872	-0.0791445367444869	0.666666666666667	0.420086981805259	0.913246351528074
"M6PR"	0	-0.0491032776747062	0.0870868631875165	-0.0481203007518797	-0.563842534653895	0.575	0.294966063214024	0.855033936785976
"MAF"	0	-0.523562152133581	0.0562620660628876	-0.529323308270677	-9.30577543221329	0.375	0.131289216044617	0.618710783955383
"MAL"	0	-0.0340136054421769	0.081583171475611	-0.0345864661654135	-0.416919382109889	0.425	0.166314202170781	0.683685797829219
"MAN1C1"	0.432900432900433	0.247495361781076	0.0757738600577707	0.258646616541353	3.26623668891071	0.45	0.17581016557139	0.72418983442861
"MAP4"	0	-0.0655534941249227	0.0794120262550066	-0.0676691729323308	-0.825485725731495	0.516666666666667	0.257200800129229	0.776132533204104
"MAP7D3"	0	-0.0848484848484849	0.0640846730326256	-0.081203007518797	-1.32400589459649	0.608333333333333	0.3598919859751	0.856774680691567
"MAPK8IP1"	0	-0.0669140383426098	0.0741670968804067	-0.0646616541353384	-0.902206519563623	0.625	0.375692472563254	0.874307527436746
"MARCH3"	0	0.0973407544836116	0.0726708685227725	0.0857142857142857	1.33947421384001	0.491666666666667	0.229709903767969	0.753623429565365
"MASTL"	0	-0.330241187384045	0.0660058505042589	-0.317293233082707	-5.00321084966153	0.3	0.0630046745771762	0.536995325422824
"MDGA1"	0	-0.130612244897959	0.0692182779660785	-0.132330827067669	-1.88696177853439	0.458333333333333	0.199356034995532	0.717310631671135
"ME1"	2.16450216450216	0.244279529993816	0.0708293423302655	0.234586466165414	3.44884650848205	0.7	0.462436857084425	0.937563142915575
"ME3"	0	0.0233766233766234	0.0650859425493273	0.0210526315789474	0.35916547354149	0.391666666666667	0.126357374929443	0.65697595840389
"MERTK"	0	0.123067408781694	0.0734362182052954	0.121804511278196	1.67584077433906	0.558333333333333	0.296870790064331	0.819795876602336
"MGAM"	0	-0.0927643784786642	0.0709994894897196	-0.109774436090226	-1.30654993642026	0.558333333333333	0.291686747858854	0.824979918807812
"MLC1"	0	0.0810142238713667	0.0749853667367227	0.0676691729323308	1.08040044874104	0.525	0.265814687734415	0.784185312265586
"MLLT4"	0	-0.347062461348176	0.0664228281358474	-0.33984962406015	-5.22504794042143	0.383333333333333	0.128795345085492	0.637871321581175
"MMP8"	0	-0.029560915275201	0.0786945613813236	-0.0526315789473684	-0.375641146685603	0.458333333333333	0.200837765854349	0.715828900812317
"MPPED2"	74.4588744588745	0.457266542980829	0.0676922293530653	0.467669172932331	6.75508174794841	0.566666666666667	0.292673454589933	0.840659878743401
"MPZL2"	0	0.166728509585652	0.0734802709287017	0.169924812030075	2.26902415408117	0.583333333333333	0.33040958759501	0.836257079071657
"MRPL42"	0	0.0304267161410019	0.0799917763769191	0.0541353383458647	0.380373052320178	0.425	0.15829278776689	0.69170721223311
"MS4A1"	0	-0.00358688930117502	0.0798588833442314	-0.00601503759398496	-0.0449153450557748	0.575	0.311832225826275	0.838167774173724
"MS4A2"	0	0.0747062461348176	0.0727115076765929	0.0721804511278195	1.02743360056701	0.733333333333333	0.51361324013668	0.953053426529987
"MS4A3"	0	0.0570191713048856	0.0727202381952767	0.0360902255639098	0.784089446348776	0.741666666666667	0.506967828532232	0.976365504801101
"MSC"	0	0.00445269016697588	0.0820675257483004	-0.0225563909774436	0.0542564202633841	0.441666666666667	0.186800713128253	0.69653262020508
"MSR1"	0	-0.133457019171305	0.0819897857939795	-0.138345864661654	-1.62772737944029	0.641666666666667	0.391625245353806	0.891708087979528
"MT-CYB"	0	0.127891156462585	0.0702840446477397	0.138345864661654	1.81963284986755	0.666666666666667	0.428967449385996	0.904365883947337
"MTERFD2"	0	0.0249845392702536	0.0713759176868515	0.0210526315789474	0.350041583771554	0.391666666666667	0.136399265988901	0.646934067344433
"MTUS1"	0	-0.0656771799628943	0.0854597626941115	-0.0721804511278195	-0.768515824201085	0.616666666666667	0.360461496390635	0.872871836942699
"MUC20"	0	0.132096474953618	0.0784062082462995	0.135338345864662	1.68477060564719	0.416666666666667	0.161304278839639	0.672029054493694
"MX1"	22.9437229437229	0.368336425479283	0.0690760915425197	0.366917293233083	5.33232870091605	0.641666666666667	0.399130719836352	0.884202613496981
"MXRA7"	0	-0.254916512059369	0.0705429979439094	-0.263157894736842	-3.61363309597446	0.458333333333333	0.204824299928357	0.71184236673831
"MYB"	0	0.190723562152134	0.0732460849285915	0.196992481203008	2.6038738089288	0.541666666666667	0.286631605733989	0.796701727599344
"MYLK4"	0.432900432900433	0.133704390847248	0.0849839713421219	0.106766917293233	1.57328951254809	0.583333333333333	0.321963560282284	0.844703106384382
"MYO6"	0	-0.183055040197897	0.0629309391688957	-0.181954887218045	-2.90882422247997	0.458333333333333	0.20152936794382	0.715137298722847
"MYOM1"	0	0.122820037105751	0.0757327533458344	0.132330827067669	1.62175586756885	0.358333333333333	0.115686309809845	0.600980356856822
"MYOM2"	0	-0.0711193568336426	0.0672362734153824	-0.0691729323308271	-1.05775280545771	0.45	0.189146217843979	0.710853782156021
"NAAA"	0	0.0984539270253556	0.0759882592019899	0.0992481203007519	1.29564656513118	0.391666666666667	0.136589346402973	0.646743986930361
"NAIP"	0	-0.0447742733457019	0.0778214388528964	-0.0330827067669173	-0.575346254267252	0.65	0.409595469314342	0.890404530685658
"NAPRT1"	0	-0.148299319727891	0.0654032356305787	-0.13984962406015	-2.2674615146801	0.558333333333333	0.302454411840405	0.814212254826261
"NAPSB"	0	0.0894248608534323	0.0752845085694346	0.0796992481203007	1.18782552417083	0.541666666666667	0.276357374929443	0.80697595840389
"NCAM1"	0	-0.139270253555968	0.0771912728386101	-0.147368421052632	-1.80422278885271	0.491666666666667	0.228232807955655	0.755100525377679
"NCAPG2"	7.35930735930736	0.277056277056277	0.0736715618662697	0.254135338345865	3.76069503669809	0.875	0.729079012390928	1
"NCF2"	0.432900432900433	0.236239950525665	0.0626854408227302	0.23609022556391	3.76865740154455	0.666666666666667	0.430308916295211	0.903024417038123
"NCR1"	0	-0.328014842300557	0.0657411659487429	-0.329323308270677	-4.98948927307288	0.45	0.191658178602909	0.708341821397091
"NCRNA00152"	0	-0.0935064935064935	0.0735290253697672	-0.0917293233082707	-1.27169499440884	0.766666666666667	0.558534959517857	0.974798373815477
"NCRNA00189"	0	0.167965367965368	0.0779620820502858	0.166917293233083	2.15444949067714	0.433333333333333	0.169827882385302	0.696838784281365
"NCRNA00200"	0	-0.0279529993815708	0.0820350104084145	-0.0240601503759399	-0.340744753275531	0.408333333333333	0.143837813290634	0.672828853376032
"NDST1"	0	-0.135683364254793	0.0669112206071631	-0.133834586466165	-2.02781182324251	0.583333333333333	0.331135093801864	0.835531572864802
"NEB"	0	0.103772418058132	0.0786478218075884	0.0962406015037594	1.31945698778551	0.483333333333333	0.221469165566098	0.745197501100568
"NEBL"	0	-0.121830550401979	0.0664594147749473	-0.126315789473684	-1.8331571352913	0.466666666666667	0.204535091093926	0.728798242239408
"NEDD4"	0	0.0432900432900433	0.080325590680898	0.0496240601503759	0.538932150054366	0.741666666666667	0.519495203591494	0.963838129741839
"NEFL"	0	-0.22312925170068	0.0763019455920015	-0.210526315789474	-2.9242930828237	0.341666666666667	0.0896929026932785	0.593640430640055
"NELL2"	0	-0.0149659863945578	0.0723596498042602	-0.0120300751879699	-0.206827789175905	0.408333333333333	0.157646142811475	0.659020523855192
"NEO1"	0	-0.190228818800247	0.0712151971318549	-0.195488721804511	-2.67118292810506	0.516666666666667	0.247115381432837	0.786217951900497
"NETO1"	0	-0.222016079158936	0.0831028098310354	-0.227067669172932	-2.67158330278289	0.458333333333333	0.20346737979492	0.713199286871747
"NFE2L3"	7.79220779220779	0.265924551638837	0.0726839712296728	0.252631578947368	3.6586409237127	0.75	0.522874659982378	0.977125340017622
"NID1"	0	-0.0274582560296846	0.0767132901500395	-0.0240601503759399	-0.357933494652367	0.625	0.377776403120687	0.872223596879313
"NIPAL2"	0	0.144465058750773	0.0722766121317272	0.142857142857143	1.99878016539402	0.533333333333333	0.27845680729565	0.788209859371017
"NKG7"	0	-0.221150278293135	0.0702942240492997	-0.218045112781955	-3.14606614247616	0.483333333333333	0.209517202091491	0.757149464575176
"NLRP2"	0	0.178849721706865	0.0715162329873959	0.193984962406015	2.50082693447214	0.65	0.402025474611866	0.897974525388134
"NME4"	0	-0.353741496598639	0.0682124070529825	-0.335338345864662	-5.1858820393756	0.35	0.105395266547047	0.594604733452953
"NMT2"	0	-0.170562770562771	0.0734759266243195	-0.159398496240601	-2.32134221913054	0.475	0.213929377453233	0.736070622546767
"NMUR1"	0	-0.155596784168213	0.0746629309339127	-0.172932330827068	-2.0839897687105	0.391666666666667	0.118136073459162	0.665197259874172
"NOG"	0	0.0366110080395795	0.0698815484710934	0.0541353383458647	0.523900927220061	0.466666666666667	0.199142337925149	0.734190995408185
"NPAS2"	0	0.192578849721707	0.0688772355733784	0.184962406015038	2.79597240101983	0.433333333333333	0.16976653308853	0.696900133578137
"NQO2"	3.03030303030303	0.218923933209648	0.0764104671938014	0.213533834586466	2.86510397396716	0.575	0.321852621087716	0.828147378912284
"NRCAM"	0	0.103401360544218	0.0783873664115687	0.087218045112782	1.3191074694526	0.6	0.33596332871556	0.86403667128444
"NT5C3L"	0	0.0700061842918986	0.0563490809682423	0.0676691729323308	1.24236603488446	0.658333333333333	0.415819607946726	0.900847058719941
"NT5DC3"	0	-0.255905998763142	0.080203412735193	-0.240601503759399	-3.19071209111842	0.441666666666667	0.176743604804607	0.706589728528726
"NTSR1"	1.2987012987013	0.263203463203463	0.0662213193544164	0.263157894736842	3.97460313037254	0.5	0.238774601661988	0.761225398338012
"NUCB1"	0	-0.0441558441558442	0.0817142415903533	-0.0496240601503759	-0.540369013974388	0.641666666666667	0.397558167658747	0.885775165674587
"OAS3"	26.8398268398268	0.380457637600495	0.0578289361421367	0.383458646616541	6.57901844615254	0.65	0.409058051660029	0.890941948339971
"OCLN"	0	0.0565244279529994	0.0825913742694802	0.0616541353383459	0.684386577326716	0.566666666666667	0.294132868819235	0.839200464514098
"OLFM4"	0	0.0536796536796537	0.0836345352947564	0.0466165413533835	0.641835977093296	0.383333333333333	0.135489240771996	0.631177425894671
"OR2AE1"	18.6147186147186	0.370933828076685	0.057814823291025	0.369924812030075	6.41589486850975	0.458333333333333	0.196088705773164	0.720577960893503
"OR2AK2"	2.5974025974026	0.266171923314781	0.0774006549514884	0.258646616541353	3.43888463840011	0.516666666666667	0.256951672979629	0.776381660353705
"OR2L2"	76.6233766233766	0.463327149041435	0.0673044600161746	0.452631578947368	6.88404823291188	0.625	0.377384330209703	0.872615669790297
"OR2L8"	12.5541125541126	0.331725417439703	0.0802992066266479	0.324812030075188	4.13111699822969	0.525	0.263826183401001	0.786173816598999
"OR52N3P"	0.865800865800866	0.264440321583179	0.0751287766779503	0.273684210526316	3.51982733216512	0.666666666666667	0.422436772796518	0.910896560536815
"OR7D2"	0	-0.154483611626469	0.08041200341051	-0.159398496240601	-1.92115113508386	0.358333333333333	0.113519380676506	0.603147285990161
"ORMDL3"	0	-0.258256029684601	0.0851752298399557	-0.23609022556391	-3.032055565566	0.633333333333333	0.389412563401749	0.877254103264917
"OSBPL10"	0	-0.00581323438466296	0.0805346338559455	-0.00300751879699248	-0.0721830361215927	0.683333333333333	0.444909697710933	0.921756968955733
"OSBPL1A"	0	0.129746444032158	0.0662302210144721	0.129323308270677	1.95902175841761	0.6	0.340887473613765	0.859112526386235
"OXNAD1"	0	0.112801484230056	0.0673373113442265	0.112781954887218	1.67517059974993	0.45	0.188094674799463	0.711905325200537
"P2RX1"	0	0.0712430426716141	0.0803143064720327	0.0736842105263158	0.887052952345702	0.45	0.191303785782373	0.708696214217627
"P2RX5"	0	0.140136054421769	0.0837079066431969	0.13984962406015	1.67410774013374	0.6	0.333626405697966	0.866373594302034
"PADI2"	0	0.0398268398268398	0.0676344175008539	0.037593984962406	0.588854629025777	0.666666666666667	0.422502980693782	0.910830352639551
"PADI4"	0	-0.100680272108844	0.0778479765256878	-0.0947368421052632	-1.2932933725724	0.525	0.269838182070961	0.780161817929039
"PAPSS2"	89.6103896103896	0.481756338899196	0.0482219141000108	0.479699248120301	9.9904026600862	0.75	0.526824134547681	0.973175865452319
"PARVG"	0	0.200494743351886	0.06356173104624	0.201503759398496	3.15433107392922	0.525	0.260769495381709	0.789230504618291
"PATL2"	0	-0.0785405071119357	0.0753060099791309	-0.0691729323308271	-1.04295138108766	0.458333333333333	0.198753253839649	0.717913412827018
"PAX5"	0	0.0589981447124304	0.0739843096992245	0.0676691729323308	0.797441308194687	0.641666666666667	0.372585636998031	0.910747696335302
"PCGF3"	1.2987012987013	0.187384044526902	0.0832677893359554	0.174436090225564	2.25037851996857	0.533333333333333	0.271222317906165	0.795444348760502
"PCSK5"	0	0.0683982683982684	0.0746202625775602	0.0676691729323308	0.916617900227506	0.508333333333333	0.243573063136918	0.773093603529748
"PDE3B"	0	0.0393320964749536	0.0706302414329577	0.0300751879699248	0.55687331201165	0.441666666666667	0.188391586024932	0.694941747308401
"PDE9A"	0	-0.0242424242424242	0.0721029472521866	-0.0195488721804511	-0.336219602197871	0.5	0.228337678737462	0.771662321262538
"PDGFD"	0	-0.235992578849722	0.0682334560591092	-0.242105263157895	-3.45860509608785	0.541666666666667	0.282626946611411	0.800706386721923
"PDGFRB"	0	0.163883735312307	0.0665036327750805	0.153383458646617	2.46428245305895	0.533333333333333	0.278753003242357	0.78791366342431
"PDK1"	0	0.143228200371058	0.0668663969342583	0.15187969924812	2.14200565512565	0.433333333333333	0.162724471537419	0.703942195129247
"PDPR"	0	-0.107730364873222	0.0773144965803275	-0.114285714285714	-1.39340446666808	0.291666666666667	0.0644345753017841	0.518898758031549
"PEG10"	0	-0.524799010513296	0.0597498912505073	-0.509774436090226	-8.78326302407857	0.383333333333333	0.127443881193592	0.639222785473075
"PFKP"	0	-0.257142857142857	0.077689159620047	-0.254135338345865	-3.3098936634205	0.358333333333333	0.0906982305524684	0.625968436114198
"PFN2"	0	-0.282003710575139	0.0873611740841901	-0.269172932330827	-3.22802106921516	0.416666666666667	0.152181334614652	0.681151998718682
"PHEX"	0	-0.142115027829314	0.0789082697284951	-0.141353383458647	-1.80101563902362	0.633333333333333	0.386731793414505	0.879934873252162
"PI16"	0	0.0228818800247372	0.0790839695239359	0.0300751879699248	0.289336513613061	0.391666666666667	0.136631605733989	0.646701727599344
"PKP2"	0	-0.0210265924551639	0.0821838460603343	-0.0345864661654135	-0.255848241024489	0.45	0.184193503409398	0.715806496590602
"PLA2G4C"	0	0.0170686456400742	0.0853593816409297	0.0240601503759399	0.199962151926951	0.533333333333333	0.276120469215868	0.790546197450799
"PLA2G7"	0	0.165615337043908	0.0676613877928338	0.162406015037594	2.447708249068	0.533333333333333	0.272273032435316	0.794393634231351
"PLEKHA5"	0	-0.365862708719852	0.0631532548312291	-0.35187969924812	-5.79325182364051	0.525	0.269373944175189	0.780626055824811
"PLEKHG1"	0	-0.267161410018553	0.0644737275629793	-0.258646616541353	-4.14372520586132	0.583333333333333	0.318807251672872	0.847859414993795
"PLEKHH2"	0	0.142980828695114	0.0653619556119941	0.145864661654135	2.1875237262466	0.541666666666667	0.2822942845014	0.801039048831934
"PLXND1"	0	-0.182683982683983	0.0673356129665805	-0.184962406015038	-2.71303660330011	0.55	0.277644231870759	0.822355768129241
"PM20D1"	0	0.175015460729746	0.0740935524516686	0.189473684210526	2.36208758979278	0.441666666666667	0.178396520460372	0.704936812872961
"PMP22"	0	0.0714904143475572	0.0753564219109158	0.0586466165413534	0.94869703914646	0.583333333333333	0.312963560550492	0.853703106116175
"PNKD"	0	0.0221397649969079	0.0705768993830934	0.00902255639097744	0.313697048048719	0.516666666666667	0.256889428522489	0.776443904810845
"PNPLA4"	0	0.086456400742115	0.077772243314498	0.0827067669172932	1.11166139817389	0.575	0.311566141288988	0.838433858711012
"POLR2L"	0	-0.266295609152752	0.0794488203470426	-0.251127819548872	-3.35178808180586	0.425	0.161484323177314	0.688515676822686
"PPAPDC1B"	0	0.155473098330241	0.0657297116182476	0.157894736842105	2.36533972997197	0.55	0.291449653408415	0.808550346591585
"PPBP"	0.432900432900433	0.22547928262214	0.0730546837117541	0.222556390977444	3.08644526491683	0.683333333333333	0.418990674379541	0.947675992287126
"PPDPF"	0	0.104761904761905	0.0860438445381193	0.0796992481203007	1.2175409562911	0.525	0.258697226868678	0.791302773131323
"PPFIBP2"	0	0.10278293135436	0.0786623599604719	0.0977443609022556	1.30663422005148	0.641666666666667	0.396127337745606	0.887205995587728
"PPIE"	0	-0.338899196042053	0.063857465502955	-0.33984962406015	-5.30711943189118	0.575	0.318447988524854	0.831552011475146
"PPIL3"	0	-0.282745825602968	0.0684523955064452	-0.284210526315789	-4.1305468349365	0.466666666666667	0.207180030398034	0.726153302935299
"PPP2R2B"	0	-0.26852195423624	0.0586409759113987	-0.27218045112782	-4.57908399481538	0.425	0.167483503877304	0.682516496122696
"PPT1"	0	0.0194186765615337	0.0806181807603424	0.0270676691729323	0.240872175213933	0.491666666666667	0.235240724983642	0.748092608349692
"PRKCA"	0	-0.0894248608534323	0.0724197506025652	-0.0917293233082707	-1.23481315676148	0.341666666666667	0.0979337704049316	0.585399562928402
"PRKCB"	0	-0.240074211502783	0.0703968500494905	-0.234586466165414	-3.41029763880068	0.591666666666667	0.334925666575486	0.848407666757847
"PRKX"	0	0.206307977736549	0.0766717428569234	0.213533834586466	2.69079546191534	0.475	0.218363976402594	0.731636023597406
"PRKY"	0	-0.21595547309833	0.0787979990817907	-0.222556390977444	-2.74062127991566	0.391666666666667	0.142143064022576	0.641190269310757
"PRMT2"	0	0.169944341372913	0.0722598833558642	0.169924812030075	2.35184909635093	0.675	0.438562458724069	0.91143754127593
"PROK2"	0	-0.18726035868893	0.0860518559941014	-0.201503759398496	-2.17613387329805	0.641666666666667	0.388647053936265	0.894686279397068
"PSAP"	0	0.0546691403834261	0.0758798433148464	0.0496240601503759	0.720469863868706	0.591666666666667	0.329196081213705	0.854137252119628
"PSPH"	0	-0.0633271490414348	0.0839096498604796	-0.0646616541353384	-0.754706391299829	0.558333333333333	0.298960951168067	0.8177057154986
"PTCH1"	0	-0.247495361781076	0.0641928698276063	-0.255639097744361	-3.85549613914659	0.441666666666667	0.185093649581998	0.698239683751336
"PTGDR"	0	-0.148546691403834	0.0665641627703596	-0.15187969924812	-2.23163163512335	0.433333333333333	0.180345672230538	0.686320994436129
"PTGDS"	0	-0.213110698824985	0.0817686827797939	-0.206015037593985	-2.60626307750242	0.341666666666667	0.0976906673061101	0.585642666027223
"PTK2"	0	0.255411255411255	0.0696403679345856	0.257142857142857	3.66757475565275	0.591666666666667	0.321047847412585	0.862285485920748
"PTP4A3"	0	-0.0210265924551639	0.0778731967284378	-0.0135338345864662	-0.270010649857981	0.516666666666667	0.254411764069661	0.778921569263672
"PTPN13"	0	0.0368583797155226	0.0860040937759035	0.0390977443609023	0.428565410055509	0.475	0.218679163843251	0.731320836156749
"PTPRM"	0	-0.475324675324675	0.0651583959862179	-0.464661654135338	-7.29491062710037	0.366666666666667	0.108930522388908	0.624402810944426
"PTPRS"	0.865800865800866	0.245763760049474	0.0752617297543424	0.243609022556391	3.26545457899596	0.666666666666667	0.428786137981082	0.904547195352252
"PTTG1IP"	32.4675324675325	0.389115646258503	0.0553668275946622	0.389473684210526	7.02795632625369	0.658333333333333	0.414246912605114	0.902419754061553
"PVALB"	1.2987012987013	0.256771799628943	0.0760202989249275	0.254135338345865	3.3776741641402	0.775	0.575258585904053	0.974741414095947
"PXDN"	3.8961038961039	0.251329622758194	0.0701708116474723	0.243609022556391	3.58168327909383	0.441666666666667	0.183418736539766	0.699914596793567
"RAB38"	26.8398268398268	0.380705009276438	0.0712175900673132	0.360902255639098	5.34565981405162	0.675	0.432086599643735	0.917913400356265
"RAD54B"	0	0.166852195423624	0.0771450789825734	0.160902255639098	2.16283653635658	0.591666666666667	0.340399702862487	0.842933630470846
"RALGPS2"	0	-0.12987012987013	0.0678032491468648	-0.129323308270677	-1.91539685050823	0.6	0.332153546724285	0.867846453275715
"RAP2A"	0	-0.146938775510204	0.0792771730294851	-0.165413533834586	-1.85348152431664	0.566666666666667	0.31134649098768	0.821986842345654
"RASGEF1A"	0	-0.0305504019789734	0.0698332491825309	-0.0390977443609023	-0.437476450495959	0.533333333333333	0.277401762939313	0.789264903727354
"RAVER2"	0	-0.0181818181818182	0.0738647268026225	-0.0390977443609023	-0.246150212271179	0.516666666666667	0.253283957182145	0.780049376151188
"RBM11"	0	-0.134570191713049	0.0712361768044579	-0.130827067669173	-1.88907094329952	0.425	0.16888950429896	0.68111049570104
"RBMS2"	0	-0.314533085961657	0.0820471032376685	-0.293233082706767	-3.8335672260182	0.35	0.109842187654986	0.590157812345014
"RBPMS2"	0	0.0702535559678417	0.0744006314912648	0.0827067669172932	0.944260210695792	0.441666666666667	0.18625152346508	0.697081809868253
"RCAN2"	0	-0.155720470006184	0.069424551501464	-0.160902255639098	-2.24301729918847	0.5	0.239497675447348	0.760502324552652
"RETN"	53.6796536796537	0.411626468769326	0.0517669947395484	0.418045112781955	7.95152337585584	0.65	0.399646248919742	0.900353751080259
"RFPL4A"	0	0.0400742115027829	0.0788426333961076	0.0390977443609023	0.508280986778422	0.508333333333333	0.249064862226347	0.767601804440319
"RGS9"	0	-0.141372912801484	0.0702926110415443	-0.142857142857143	-2.01120588219337	0.525	0.267086182318495	0.782913817681505
"RIC3"	0	0.183673469387755	0.0721613986592344	0.192481203007519	2.54531470842342	0.408333333333333	0.157646142811475	0.659020523855192
"RNASE1"	0	-0.0285714285714286	0.0722553278407174	-0.037593984962406	-0.395423139376138	0.483333333333333	0.227422821199964	0.739243845466703
"RNASE2"	6.06060606060606	0.270624613481756	0.0792079773958473	0.264661654135338	3.41663330360389	0.625	0.374441830171465	0.875558169828535
"RNASE3"	0.865800865800866	0.207297464440322	0.0746759286200604	0.186466165413534	2.77596098596938	0.633333333333333	0.386819225269733	0.879847441396934
"RNASEK"	0	0.152504638218924	0.0745914291376341	0.144360902255639	2.04453299771917	0.508333333333333	0.243552708705199	0.773113957961468
"RNF144A"	0.432900432900433	0.247990105132962	0.0730865722329515	0.254135338345865	3.39310077838285	0.533333333333333	0.257829748835661	0.808836917831006
"RNF150"	0	0.0980828695114409	0.074768381008468	0.0992481203007519	1.3118228345794	0.508333333333333	0.246644156872893	0.770022509793774
"RNF157"	0	0.0927643784786642	0.0783416768151957	0.081203007518797	1.18409998674768	0.5	0.229430971701291	0.770569028298709
"RNF17"	0	-0.235497835497835	0.0702188751110085	-0.237593984962406	-3.35376827278333	0.475	0.214487331691282	0.735512668308718
"RNF175"	0	0.0116264687693259	0.0829270660680325	0.00601503759398496	0.140201134811494	0.558333333333333	0.291565508119879	0.825101158546788
"RNPEP"	0.432900432900433	0.167470624613482	0.0793922131742682	0.16390977443609	2.10940869283841	0.558333333333333	0.285967671611335	0.830698995055331
"ROBO1"	18.6147186147186	0.36178107606679	0.0640263232722114	0.366917293233083	5.650505254357	0.533333333333333	0.277486006381488	0.789180660285179
"ROGDI"	0	-0.190228818800247	0.065938401382795	-0.17593984962406	-2.88494738742457	0.508333333333333	0.242800691599863	0.773865975066804
"RPH3A"	0	0.0206555349412492	0.0853676911596857	0.0345864661654135	0.241959629698919	0.575	0.31870019012081	0.831299809879189
"RPL22L1"	0	-0.0445269016697588	0.0719015626053082	-0.043609022556391	-0.619275855160226	0.55	0.29364762766053	0.80635237233947
"RPL36AL"	0	-0.265924551638837	0.070467376859716	-0.261654135338346	-3.77372570811357	0.491666666666667	0.232772620697274	0.750560712636059
"RPS23"	0	-0.146938775510204	0.0814228944986351	-0.145864661654135	-1.8046370915083	0.341666666666667	0.104387262646642	0.578946070686691
"RPS26P2"	0	0.0149659863945578	0.0730572546705376	0.0210526315789474	0.204852844006377	0.541666666666667	0.286716145410111	0.796617187923223
"RPS28"	0	-0.0937538651824366	0.0871603271033447	-0.087218045112782	-1.07564838612037	0.675	0.431200778852572	0.918799221147428
"RPS4X"	0	0.000742115027829313	0.0806925062050486	-0.0075187969924812	0.00919682709994801	0.525	0.265419920506315	0.784580079493685
"RPS4Y1"	0	-0.251205936920223	0.0818365089805817	-0.258646616541353	-3.06960719670764	0.433333333333333	0.176183334391954	0.690483332274712
"RPS4Y2"	0	-0.0195423623995053	0.0753583552051363	-0.0180451127819549	-0.259325755535775	0.525	0.269521564728751	0.780478435271249
"RTKN2"	0	0.0562770562770563	0.0684848894634597	0.0571428571428571	0.821744135355333	0.391666666666667	0.144225174806859	0.639108158526475
"RTN1"	6.92640692640693	0.263698206555349	0.0814203608281444	0.249624060150376	3.2387255948416	0.708333333333333	0.481742504440304	0.934924162226362
"RUNX2"	0	-0.0959802102659246	0.0701664844482587	-0.0932330827067669	-1.36789253474287	0.358333333333333	0.100649469253333	0.616017197413334
"S100B"	0	-0.0390847247990105	0.0718321375980035	-0.043609022556391	-0.544111954703919	0.675	0.439613297441762	0.910386702558238
"S100P"	0	-0.225355596784168	0.072942445088155	-0.233082706766917	-3.08949880295092	0.441666666666667	0.180802554690538	0.702530778642795
"SAMD12"	0	-0.0215213358070501	0.0750422621133155	-0.0270676691729323	-0.286789539667026	0.258333333333333	0.0218729996014501	0.494793667065217
"SASH1"	1.2987012987013	0.230055658627087	0.0838505687141523	0.230075187969925	2.74363861992815	0.65	0.395843405772139	0.904156594227862
"SATB1"	0	0.0466295609152752	0.0710544724363916	0.0421052631578947	0.656250891976128	0.433333333333333	0.180132737539948	0.686533929126719
"SCCPDH"	0	0.141743970315399	0.0800352152928472	0.138345864661654	1.77102004157496	0.633333333333333	0.387651379736991	0.879015286929676
"SCD5"	0	0.157823129251701	0.0592884034578409	0.156390977443609	2.66195613386565	0.516666666666667	0.259663412936976	0.773669920396357
"SCN3A"	0	0.212244897959184	0.0744733800430586	0.209022556390977	2.8499431318475	0.583333333333333	0.316434227218257	0.850232439448409
"SCP2"	0.865800865800866	0.257637600494743	0.0726916757412255	0.266165413533835	3.54425177116436	0.783333333333333	0.576500351627401	0.990166315039265
"SELP"	0	-0.000247371675943105	0.0793533203895707	-0.00150375939849624	-0.00311734499235417	0.6	0.345843405772139	0.854156594227862
"SEMA3A"	0	0.194186765615337	0.0695180808703387	0.18796992481203	2.79332747947291	0.441666666666667	0.181879055896234	0.7014542774371
"SEPT6"	0	0.0390847247990105	0.0810560086707847	0.0255639097744361	0.48219404631378	0.533333333333333	0.275576279945551	0.791090386721116
"SERINC2"	0	0.0311688311688312	0.0695161700543946	0.0270676691729323	0.448368072413114	0.625	0.379988004474607	0.870011995525393
"SERPINB10"	0	-0.00358688930117502	0.0608598813721323	-0.00150375939849624	-0.0589368434559166	0.641666666666667	0.399086283055688	0.884247050277645
"SERPINB6"	9.95670995670996	0.276808905380334	0.0788580947263219	0.254135338345865	3.51021548695797	0.675	0.440668848511612	0.909331151488388
"SERPINE2"	0	0.0565244279529994	0.0769605970174865	0.0511278195488722	0.734459322608377	0.35	0.103223689300964	0.596776310699036
"SGCE"	0	-0.432529375386518	0.0577136137547289	-0.430075187969925	-7.49440811702902	0.391666666666667	0.133627506121283	0.64970582721205
"SH2D1B"	0	-0.178107606679035	0.0706281931796517	-0.172932330827068	-2.52176359978509	0.458333333333333	0.198753253839649	0.717913412827018
"SH3YL1"	0.432900432900433	0.224366110080396	0.0702433934824901	0.215037593984962	3.19412401589517	0.558333333333333	0.299835102270405	0.816831564396262
"SIDT2"	19.4805194805195	0.351515151515152	0.0731005715967926	0.33984962406015	4.80865120253827	0.716666666666667	0.458074635214417	0.975258698118917
"SIRPB1"	10.3896103896104	0.310698824984539	0.0685349941600129	0.291729323308271	4.5334333035636	0.533333333333333	0.275325502795214	0.791341163871453
"SIRPB2"	0	-0.00754483611626469	0.0709961917726033	-0.0165413533834586	-0.106270997470264	0.6	0.34746008615161	0.85253991384839
"SLC12A7"	58.8744588744589	0.431168831168831	0.0590517367837821	0.430075187969925	7.3015436065421	0.641666666666667	0.391173032105094	0.892160301228239
"SLC15A4"	0	0.114038342609771	0.0799399148645313	0.109774436090226	1.42655071378327	0.55	0.296161671866299	0.803838328133701
"SLC16A10"	0	0.18243661100804	0.0732028424798145	0.18796992481203	2.49220665247181	0.458333333333333	0.183544669674207	0.73312199699246
"SLC18A2"	0	-0.182560296846011	0.0709163553834315	-0.190977443609023	-2.57430455723425	0.458333333333333	0.201026200250226	0.715640466416441
"SLC22A16"	0	0.0690166975881262	0.0809671429816878	0.0857142857142857	0.852403765855189	0.633333333333333	0.389324202315739	0.877342464350928
"SLC24A4"	0	0.160420531849103	0.081550374815164	0.156390977443609	1.96713420646687	0.483333333333333	0.224345630331164	0.742321036335503
"SLC36A1"	0	0.0218923933209648	0.0801010651509284	0.0240601503759399	0.273309640511204	0.541666666666667	0.287881421686296	0.795451911647037
"SLC38A11"	56.2770562770563	0.41669758812616	0.057292650185799	0.418045112781955	7.27314213559361	0.491666666666667	0.230430953203047	0.752902380130286
"SLC44A5"	0	-0.0487322201607916	0.0790286633800638	-0.0631578947368421	-0.616639812398562	0.45	0.195271528883923	0.704728471116077
"SLC47A1"	0	-0.1004329004329	0.0648041646359565	-0.0992481203007519	-1.54979083515838	0.383333333333333	0.129813670841607	0.63685299582506
"SLC4A1"	0	0.0110080395794682	0.0852890753483114	0.00451127819548872	0.129067404406866	0.508333333333333	0.2518443490085	0.764822317658167
"SLC4A10"	0.432900432900433	0.252442795299938	0.0707778455331233	0.246616541353383	3.5666922805922	0.725	0.498599523616799	0.951400476383201
"SLC7A8"	8.65800865800866	0.309833024118738	0.0758864353625271	0.302255639097744	4.08285120573386	0.725	0.48945308478109	0.96054691521891
"SLCO4C1"	0	-0.17847866419295	0.0757350192794043	-0.177443609022556	-2.35662004038713	0.366666666666667	0.110503569659705	0.622829763673629
"SMAD3"	0	-0.210760667903525	0.0824424669135943	-0.207518796992481	-2.55645756117921	0.458333333333333	0.192739810562324	0.723926856104342
"SMAD5"	0	-0.108596165739023	0.074965553835835	-0.106766917293233	-1.44861419922055	0.583333333333333	0.326665812279602	0.840000854387065
"SMAGP"	0	-0.249969078540507	0.0727535843264422	-0.264661654135338	-3.43583179928162	0.491666666666667	0.237838954275527	0.745494379057807
"SMARCA5"	0	-0.103030303030303	0.0733800084512066	-0.108270676691729	-1.40406501995448	0.55	0.271210128869896	0.828789871130104
"SMC1A"	93.5064935064935	0.499814471243043	0.0586404330120602	0.490225563909775	8.523376202564	0.666666666666667	0.412467667066986	0.920865666266347
"SNORD116-21"	0	-0.00432900432900433	0.0743365064434694	-0.00150375939849624	-0.0582352404776568	0.6	0.335209198742747	0.864790801257253
"SNORD116-27"	0	-0.184786641929499	0.0645331857570484	-0.17593984962406	-2.8634359169122	0.383333333333333	0.129983789741818	0.636682876924848
"SNORD48"	0	0.178107606679035	0.0692328123952883	0.17593984962406	2.57258950657848	0.558333333333333	0.298628715172884	0.818037951493783
"SNRNP25"	0	0.11552257266543	0.0814414019632767	0.100751879699248	1.41847475461585	0.8	0.597591764862003	1
"SORCS3"	0	0.139517625231911	0.0908318812743959	0.136842105263158	1.53599841018859	0.491666666666667	0.233064215049141	0.750269118284192
"SOX5"	0	-0.0535559678416821	0.0699917924993983	-0.0526315789473684	-0.765174971653177	0.641666666666667	0.401385463485337	0.881947869847996
"SPATA20"	0.432900432900433	0.158194186765615	0.0799704773032574	0.145864661654135	1.9781573413114	0.683333333333333	0.435054731159732	0.931611935506935
"SPON1"	0	0.136796536796537	0.0765104221153431	0.148872180451128	1.78794643937932	0.65	0.391303785782373	0.908696214217627
"SPON2"	0	-0.103896103896104	0.0776708764807711	-0.106766917293233	-1.33764557068988	0.491666666666667	0.235556170965626	0.747777162367707
"SPRYD5"	0.432900432900433	0.166233766233766	0.0738411757041022	0.153383458646617	2.25123401203553	0.5	0.242682394719209	0.757317605280791
"SPTBN1"	0	0.0927643784786642	0.0666248690271045	0.0917293233082707	1.3923386241994	0.475	0.20975165453834	0.74024834546166
"SPTLC3"	0	0.0235003092145949	0.0760091141358225	0.0300751879699248	0.309177517482991	0.516666666666667	0.253079419829362	0.780253913503971
"SRD5A3"	0	-0.262337662337662	0.0657405055870925	-0.251127819548872	-3.99050265882302	0.591666666666667	0.336167137523007	0.847166195810326
"ST6GALNAC1"	0	-0.34582560296846	0.075690757236079	-0.344360902255639	-4.56892777396628	0.325	0.0804723924305515	0.569527607569449
"ST6GALNAC2"	0	-0.0217687074829932	0.0808858734692727	-0.0315789473684211	-0.269128669189222	0.675	0.436248835958433	0.913751164041567
"ST6GALNAC6"	0	-0.200494743351886	0.0777931785949756	-0.210526315789474	-2.57727922901502	0.483333333333333	0.226833843407958	0.739832823258709
"STOX1"	0	0.0780457637600495	0.070923366761632	0.0646616541353384	1.10042384229101	0.625	0.351666503368893	0.898333496631107
"STX2"	0	-0.474335188620903	0.0613866665772402	-0.470676691729323	-7.72700677636678	0.208333333333333	0	0.418462202315231
"STX8"	0	-0.301669758812616	0.0692342306298534	-0.296240601503759	-4.35723421879895	0.366666666666667	0.111578782664113	0.62175455066922
"STXBP1"	0	0.0996907854050711	0.07686728636808	0.102255639097744	1.2969208373989	0.516666666666667	0.261853582204587	0.771479751128747
"SULF2"	0	0.120717377860235	0.0763063130688785	0.102255639097744	1.58201036067971	0.566666666666667	0.31107223664017	0.822261096693164
"SULT1A1"	0.432900432900433	0.243413729128015	0.0650825309194105	0.24812030075188	3.74007780105273	0.65	0.398422227915161	0.901577772084839
"SUSD1"	0	0.0325293753865182	0.07995430164995	0.0180451127819549	0.406849596772616	0.741666666666667	0.473287545109093	1
"SUSD4"	0	0.0492269635126778	0.0760030932876015	0.0511278195488722	0.64769684210614	0.4	0.136228805152749	0.663771194847251
"SYNGR1"	0	0.0974644403215832	0.0775894357713075	0.0992481203007519	1.25615606496813	0.608333333333333	0.343695222603678	0.872971444062989
"SYNM"	0	-0.201731601731602	0.0637499065397612	-0.186466165413534	-3.16442192124283	0.233333333333333	0.00587604254245191	0.460790624124215
"SYT11"	0	-0.352009894867038	0.0589025745637409	-0.357894736842105	-5.97613767266002	0.45	0.194468833312625	0.705531166687375
"TAPBPL"	2.5974025974026	0.210018552875696	0.0821858637020523	0.203007518796993	2.55540969475084	0.633333333333333	0.376330079603643	0.890336587063024
"TBC1D12"	0	-0.0204081632653061	0.0794217334657925	-0.0406015037593985	-0.256959428795344	0.55	0.284904081528494	0.815095918471507
"TCF7"	0	-0.0321583178726036	0.0812662273703771	-0.0330827067669173	-0.395715648593352	0.45	0.191574748333853	0.708425251666147
"TCL1A"	0	0.192949907235622	0.0759724720883582	0.192481203007519	2.53973448450137	0.683333333333333	0.434946222521986	0.931720444144681
"TCN1"	0	-0.0881880024737168	0.0717809920096687	-0.0932330827067669	-1.22857040568397	0.566666666666667	0.307512545846199	0.825820787487135
"TCTN2"	0	-0.0916512059369202	0.0762347129140366	-0.105263157894737	-1.20222405822224	0.533333333333333	0.264402558323041	0.802264108343625
"TDRD12"	0	-0.00432900432900433	0.088936559258605	0.0180451127819549	-0.0486751946004194	0.4	0.151222649967967	0.648777350032033
"TFCP2L1"	0	-0.0865800865800866	0.0873563863361388	-0.115789473684211	-0.991113417248453	0.541666666666667	0.28505164352129	0.798281689812043
"TGFBI"	0	0.10674087816945	0.0746188286422253	0.0977443609022556	1.43048182491901	0.65	0.402090682447167	0.897909317552833
"TGFBR3"	0	-0.42312925170068	0.0563483309320937	-0.427067669172932	-7.50917098521695	0.408333333333333	0.139653169480829	0.677013497185837
"THBS1"	0	-0.0995670995670996	0.0810355450030508	-0.105263157894737	-1.22868427136945	0.433333333333333	0.178985970607902	0.687680696058764
"TIAM1"	0	0.0907854050711194	0.0708267680191097	0.0962406015037594	1.28179511235956	0.608333333333333	0.356744850569983	0.859921816096683
"TIMD4"	0	0.115398886827458	0.0689022387719522	0.117293233082707	1.67482057019072	0.483333333333333	0.2240752556228	0.742591411043867
"TJP2"	0.432900432900433	0.123067408781694	0.0807493456095863	0.109774436090226	1.52406694881109	0.55	0.29293384520788	0.80706615479212
"TK2"	0	0.0935064935064935	0.0781155048748969	0.0992481203007519	1.19702860086798	0.641666666666667	0.399108500428415	0.884224832904918
"TKTL1"	0	-0.190228818800247	0.0779287166723944	-0.195488721804511	-2.44106186939986	0.591666666666667	0.340442603146871	0.842890730186463
"TM4SF19"	0	0.0632034632034632	0.0688751487830031	0.0691729323308271	0.917652655859822	0.475	0.217316135919999	0.732683864080001
"TM6SF1"	0	0.038961038961039	0.0812553613577947	0.0210526315789474	0.479488839997651	0.633333333333333	0.378499099924505	0.888167566742162
"TMEM176A"	0	-0.0296846011131725	0.0727908439496796	-0.0270676691729323	-0.4078067996257	0.433333333333333	0.169562138486082	0.697104528180584
"TMEM176B"	0	0.0556586270871985	0.0797084355137427	0.0616541353383459	0.698277751011715	0.441666666666667	0.179627624452898	0.703705708880436
"TMEM204"	0	-0.209894867037724	0.0712875377437194	-0.213533834586466	-2.94434165747598	0.575	0.299408402996383	0.850591597003617
"TMEM45B"	0	0.0578849721706865	0.0798804887043485	0.0616541353383459	0.724644692459617	0.583333333333333	0.324782986741748	0.841883679924919
"TMEM8A"	4.32900432900433	0.208534322820037	0.0806511248256229	0.2	2.58563440089537	0.625	0.376255146519608	0.873744853480392
"TMEM91"	0.432900432900433	0.188249845392703	0.0780110100194185	0.183458646616541	2.41311893469708	0.708333333333333	0.468119426387235	0.948547240279431
"TMTC1"	0	-0.222139764996908	0.0761613533203056	-0.22406015037594	-2.91669928792721	0.541666666666667	0.275485345095233	0.807847988238101
"TMTC4"	25.1082251082251	0.363760049474335	0.0739929026931042	0.365413533834587	4.91614784978879	0.525	0.266877311359673	0.783122688640327
"TNFAIP2"	1.2987012987013	0.212244897959184	0.078333062630992	0.209022556390977	2.70951869913497	0.483333333333333	0.217668800318732	0.748997866347935
"TNFRSF9"	0	-0.0526901669758813	0.0689965094852218	-0.0571428571428571	-0.763664239959368	0.566666666666667	0.312446467033623	0.82088686629971
"TOMM34"	0	0.0545454545454545	0.0808858855716871	0.0571428571428571	0.6743507122403	0.591666666666667	0.334129243601015	0.849204089732319
"TOP1MT"	0	-0.00173160173160173	0.0672026120703067	-0.00601503759398496	-0.0257668813496438	0.35	0.101287647317223	0.598712352682777
"TPRG1"	0	-0.249226963512678	0.0659457922866944	-0.242105263157895	-3.77927013795182	0.416666666666667	0.156247106953134	0.677086226380199
"TREML1"	0	0.029560915275201	0.079838522254297	0.0315789473684211	0.370258797890137	0.583333333333333	0.32330726635994	0.843359400306727
"TREML4"	0	-0.123067408781694	0.075493141628071	-0.135338345864662	-1.63017998890556	0.475	0.215378400979579	0.734621599020421
"TRGC2"	0	-0.124180581323438	0.0742618522951553	-0.133834586466165	-1.67219881386583	0.6	0.349474095726917	0.850525904273083
"TRGV1"	0	-0.0333951762523191	0.0843354759963104	-0.0180451127819549	-0.395980171544655	0.55	0.284497804020426	0.815502195979575
"TRGV3"	0	-0.0312925170068027	0.0863146970740502	-0.00902255639097744	-0.362539846255344	0.625	0.351607359476254	0.898392640523746
"TRGV5P"	0	-0.229931972789116	0.0770819897401827	-0.21203007518797	-2.98295326267703	0.241666666666667	0	0.499162234145651
"TRPM6"	0	-0.00173160173160173	0.0756123815701757	0	-0.0229010341381013	0.616666666666667	0.362573693765905	0.870759639567428
"TSGA10"	0	-0.176623376623377	0.07261144567458	-0.180451127819549	-2.43244539455863	0.425	0.161627521552812	0.688372478447189
"TSPAN13"	10.3896103896104	0.335559678416821	0.0666177438534938	0.326315789473684	5.03709160662641	0.625	0.36979594372968	0.88020405627032
"TSPAN15"	0	0.122077922077922	0.0772322524341029	0.118796992481203	1.58065986981388	0.7	0.46822410852853	0.93177589147147
"TSPAN2"	0	-0.416326530612245	0.0582449329471619	-0.41203007518797	-7.14785835516241	0.425	0.170493772757367	0.679506227242633
"TSPAN33"	0	0.0701298701298701	0.0811481086773796	0.0842105263157895	0.86422063647454	0.425	0.162919827815453	0.687080172184547
"TTC7B"	0	0.0447742733457019	0.0814845225167696	0.0345864661654135	0.549481937953153	0.666666666666667	0.421028588765575	0.912304744567759
"TTTY10"	0	-0.0747062461348176	0.071341582196219	-0.0616541353383459	-1.0471627322386	0.4	0.136555912635401	0.663444087364599
"TUSC3"	0	-0.226221397649969	0.0752997429957263	-0.219548872180451	-3.00427848290012	0.325	0.0802080619965743	0.569791938003426
"TXLNG"	0	0.172541743970315	0.0735846319673597	0.169924812030075	2.34480678040016	0.533333333333333	0.269643877315082	0.797022789351585
"USP32"	0	-0.131106988249845	0.0798231900433455	-0.129323308270677	-1.64246741051882	0.541666666666667	0.270192872340435	0.813140460992899
"USP53"	0	-0.388373531230674	0.0611808880343169	-0.384962406015038	-6.34795511651992	0.383333333333333	0.132592403783114	0.634074262883553
"USP6"	0	0.0770562770562771	0.0754340806480603	0.0857142857142857	1.02150482108724	0.583333333333333	0.331905558655857	0.83476110801081
"USP9Y"	0	-0.19047619047619	0.078190920311475	-0.195488721804511	-2.43603975650146	0.383333333333333	0.130964198820687	0.63570246784598
"UTS2"	0	0.127272727272727	0.0810438462067321	0.132330827067669	1.57041815300907	0.525	0.2576872764406	0.7923127235594
"UTS2D"	0	-0.0144712430426716	0.0675364092095432	-0.0150375939849624	-0.214273207771117	0.633333333333333	0.383950158278208	0.882716508388459
"UTY"	0	-0.157823129251701	0.0805087264332027	-0.160902255639098	-1.96032326238131	0.375	0.124635485877193	0.625364514122807
"VAMP1"	0	-0.00160791589363018	0.0726494577831596	-0.0240601503759399	-0.0221325243531673	0.6	0.343416480755441	0.856583519244559
"VASH1"	0	-0.0238713667285096	0.0720684921795177	-0.0120300751879699	-0.331231665969195	0.566666666666667	0.311135499979292	0.822197833354042
"VNN1"	0	0.101917130488559	0.0842417103782244	0.102255639097744	1.20981791598219	0.608333333333333	0.359198800992404	0.857467865674263
"VNN2"	0	-0.0930117501546073	0.0772675468422781	-0.0781954887218045	-1.20376217384599	0.566666666666667	0.310482532161455	0.822850801171878
"VSIG4"	0	0.0554112554112554	0.0764703775705199	0.0406015037593985	0.72461072080043	0.708333333333333	0.462355423498467	0.9543112431682
"VSTM1"	0	-0.0858379715522573	0.0820772761790749	-0.0977443609022556	-1.04581895925709	0.558333333333333	0.29549341760558	0.821173249061087
"VWDE"	0	0.0672850958565244	0.072308234575874	0.0887218045112782	0.930531581239496	0.55	0.292075734753316	0.807924265246684
"WLS"	0	0.0409400123685838	0.0766925173745828	0.0556390977443609	0.533820166165937	0.533333333333333	0.276854855039361	0.789811811627306
"WRB"	0	0.167965367965368	0.0672037159571568	0.180451127819549	2.49934643602815	0.616666666666667	0.349222929681381	0.884110403651953
"WWC3"	0.432900432900433	0.169202226345084	0.0813825858304888	0.171428571428571	2.07909621718722	0.525	0.249701887439796	0.800298112560204
"XKRX"	0	0.14978354978355	0.0742360897650196	0.157894736842105	2.01766486162811	0.45	0.194933243912669	0.705066756087331
"XRCC6BP1"	0	-0.374149659863946	0.0688239429772865	-0.381954887218045	-5.43632991192358	0.533333333333333	0.269276251839665	0.797390414827001
"XRRA1"	1.73160173160173	0.196413110698825	0.0848766855139966	0.189473684210526	2.31409967895642	0.341666666666667	0.105685436809539	0.577647896523795
"YWHAH"	0.865800865800866	0.212368583797155	0.0699879705325366	0.204511278195489	3.03435836446247	0.725	0.463805549483007	0.986194450516993
"ZFP57"	0	-0.199752628324057	0.0747558520236464	-0.198496240601504	-2.67206677359348	0.416666666666667	0.159056012688132	0.674277320645202
"ZFX"	0	0.131106988249845	0.0705855864067093	0.129323308270677	1.85741870152379	0.525	0.265606840618201	0.784393159381799
"ZFY"	0	-0.187012987012987	0.0801603575223059	-0.193984962406015	-2.33298593960173	0.466666666666667	0.206785720890051	0.726547612443282
"ZG16B"	0	-0.0484848484848485	0.0819696969948228	-0.0556390977443609	-0.591497227175438	0.433333333333333	0.171633860027527	0.69503280663914
"ZMAT4"	7.79220779220779	0.302164502164502	0.0746688289934856	0.284210526315789	4.04672881894082	0.691666666666667	0.450624085910072	0.932709247423261
"ZNF100"	51.948051948052	0.43104514533086	0.0702755401960345	0.416541353383459	6.13364399801772	0.7	0.463163907428858	0.936836092571142
"ZNF146"	0	-0.134941249226964	0.0870320124742221	-0.129323308270677	-1.55047832849932	0.5	0.237539681140125	0.762460318859875
"ZNF154"	0	0.12108843537415	0.0703945471141573	0.112781954887218	1.72013941900618	0.625	0.369268553094305	0.880731446905695
"ZNF266"	0	0.0681508967223253	0.0786648407071236	0.0646616541353384	0.866345067373331	0.591666666666667	0.338988079599099	0.844345253734235
"ZNF275"	0	-0.250463821892393	0.0665892515140999	-0.246616541353383	-3.76132508171171	0.325	0.0817097317186546	0.568290268281345
"ZNF415"	0	-0.143599257884972	0.0729168427025153	-0.153383458646617	-1.96935649656178	0.675	0.437970567168865	0.912029432831135
"ZNF502"	0	-0.0207792207792208	0.0819909205546989	0.00300751879699248	-0.253433192829665	0.508333333333333	0.251089042388929	0.765577624277738
"ZNF559"	0	-0.00556586270871985	0.0654071374424797	-0.00601503759398496	-0.0850956474530716	0.625	0.373604379267879	0.876395620732121
"ZNF586"	0.432900432900433	0.153494124922696	0.0744522189834782	0.135338345864662	2.06164607339317	0.508333333333333	0.227991645716896	0.78867502094977
"ZNF683"	0	-0.415213358070501	0.0640890774890151	-0.410526315789474	-6.47869144538191	0.333333333333333	0.0783933815074249	0.588273285159242
"ZRSR2"	0	0.169944341372913	0.0692044046997779	0.168421052631579	2.45568677470985	0.625	0.379724196058457	0.870275803941543
"ZSWIM5"	0	-0.176252319109462	0.0774045309972369	-0.177443609022556	-2.27702844831853	0.416666666666667	0.166420571472306	0.666912761861027
